1/3	3	[3]	1
1/3	24	[4, 6]	2
1/3	30	[5, 6]	2
1/3	36	[4, 9]	2
1/3	378	[6, 7, 9]	3
1/3	480	[5, 8, 12]	3
1/3	504	[7, 8, 9]	3
1/3	540	[5, 9, 12]	3
1/3	600	[4, 10, 15]	3
1/3	660	[5, 11, 12]	3
1/3	720	[5, 8, 18]	3
1/3	720	[5, 9, 16]	3
1/3	840	[4, 10, 21]	3
1/3	840	[4, 14, 15]	3
1/3	840	[5, 8, 21]	3
1/3	936	[4, 13, 18]	3
1/3	1,260	[5, 7, 36]	3
1/3	1,320	[4, 11, 30]	3
1/3	1,404	[4, 13, 27]	3
1/3	1,980	[4, 11, 45]	3
1/3	7,200	[6, 8, 10, 15]	4
1/3	9,450	[7, 9, 10, 15]	4
1/3	9,900	[6, 10, 11, 15]	4
1/3	10,560	[6, 8, 11, 20]	4
1/3	10,560	[6, 10, 11, 16]	4
1/3	10,800	[6, 8, 9, 25]	4
1/3	13,860	[7, 10, 11, 18]	4
1/3	15,120	[5, 12, 14, 18]	4
1/3	15,120	[7, 9, 10, 24]	4
1/3	15,180	[6, 10, 11, 23]	4
1/3	17,640	[5, 12, 14, 21]	4
1/3	19,656	[7, 8, 13, 27]	4
1/3	20,160	[5, 14, 16, 18]	4
1/3	20,160	[7, 9, 10, 32]	4
1/3	21,120	[5, 11, 16, 24]	4
1/3	21,168	[4, 14, 18, 21]	4
1/3	22,680	[5, 9, 21, 24]	4
1/3	23,760	[5, 11, 18, 24]	4
1/3	26,460	[5, 9, 21, 28]	4
1/3	27,720	[5, 11, 21, 24]	4
1/3	27,720	[7, 8, 11, 45]	4
1/3	28,080	[5, 13, 16, 27]	4
1/3	29,040	[4, 10, 22, 33]	4
1/3	29,232	[4, 14, 18, 29]	4
1/3	30,240	[5, 9, 24, 28]	4
1/3	30,360	[5, 11, 23, 24]	4
1/3	31,680	[5, 11, 16, 36]	4
1/3	31,680	[5, 11, 18, 32]	4
1/3	31,752	[4, 14, 21, 27]	4
1/3	32,400	[4, 10, 18, 45]	4
1/3	33,480	[5, 9, 24, 31]	4
1/3	34,104	[4, 14, 21, 29]	4
1/3	36,936	[4, 18, 19, 27]	4
1/3	36,960	[5, 11, 16, 42]	4
1/3	37,440	[5, 8, 26, 36]	4
1/3	38,880	[5, 8, 27, 36]	4
1/3	40,320	[5, 9, 28, 32]	4
1/3	40,560	[5, 8, 26, 39]	4
1/3	41,040	[4, 10, 18, 57]	4
1/3	41,040	[4, 15, 18, 38]	4
1/3	43,560	[4, 15, 22, 33]	4
1/3	43,848	[4, 18, 21, 29]	4
1/3	43,920	[4, 10, 18, 61]	4
1/3	44,640	[5, 8, 31, 36]	4
1/3	44,640	[5, 9, 31, 32]	4
1/3	48,600	[4, 10, 27, 45]	4
1/3	48,720	[4, 10, 29, 42]	4
1/3	51,000	[4, 10, 25, 51]	4
1/3	51,000	[4, 15, 25, 34]	4
1/3	53,352	[4, 19, 26, 27]	4
1/3	55,440	[5, 11, 14, 72]	4
1/3	55,800	[4, 10, 31, 45]	4
1/3	56,160	[5, 8, 26, 54]	4
1/3	56,160	[5, 8, 27, 52]	4
1/3	58,800	[4, 10, 14, 105]	4
1/3	59,280	[5, 8, 38, 39]	4
1/3	65,772	[4, 21, 27, 29]	4
1/3	65,880	[4, 15, 18, 61]	4
1/3	66,960	[5, 8, 31, 54]	4
1/3	68,040	[4, 10, 27, 63]	4
1/3	68,040	[5, 8, 27, 63]	4
1/3	70,200	[4, 10, 27, 65]	4
1/3	70,200	[4, 13, 30, 45]	4
1/3	73,080	[4, 15, 29, 42]	4
1/3	78,120	[4, 10, 31, 63]	4
1/3	78,120	[5, 8, 31, 63]	4
1/3	78,960	[4, 10, 14, 141]	4
1/3	88,200	[4, 15, 21, 70]	4
1/3	97,680	[5, 8, 22, 111]	4
1/3	98,280	[4, 10, 27, 91]	4
1/3	98,280	[4, 13, 30, 63]	4
1/3	98,280	[4, 13, 42, 45]	4
1/3	98,280	[5, 8, 27, 91]	4
1/3	98,820	[4, 15, 27, 61]	4
1/3	102,960	[4, 13, 22, 90]	4
1/3	102,960	[5, 11, 13, 144]	4
1/3	109,620	[4, 15, 29, 63]	4
1/3	113,256	[4, 13, 22, 99]	4
1/3	118,440	[4, 15, 21, 94]	4
1/3	120,960	[5, 7, 48, 72]	4
1/3	121,440	[5, 8, 23, 132]	4
1/3	129,360	[4, 11, 42, 70]	4
1/3	129,600	[8, 9, 10, 12, 15]	5
1/3	136,080	[5, 7, 54, 72]	4
1/3	146,880	[5, 9, 17, 192]	4
1/3	151,800	[4, 10, 23, 165]	4
1/3	151,800	[4, 15, 23, 110]	4
1/3	154,440	[4, 13, 33, 90]	4
1/3	158,400	[8, 10, 11, 12, 15]	5
1/3	161,280	[5, 7, 64, 72]	4
1/3	165,000	[4, 11, 50, 75]	4
1/3	166,320	[4, 11, 42, 90]	4
1/3	166,320	[5, 7, 66, 72]	4
1/3	171,360	[5, 7, 68, 72]	4
1/3	173,880	[5, 7, 69, 72]	4
1/3	178,200	[9, 10, 11, 12, 15]	5
1/3	178,920	[5, 7, 71, 72]	4
1/3	181,440	[5, 7, 48, 108]	4
1/3	181,440	[5, 7, 54, 96]	4
1/3	181,440	[5, 7, 64, 81]	4
1/3	181,440	[8, 9, 10, 12, 21]	5
1/3	182,160	[5, 8, 23, 198]	4
1/3	190,080	[8, 9, 10, 12, 22]	5
1/3	190,080	[8, 9, 11, 12, 20]	5
1/3	194,040	[4, 11, 42, 105]	4
1/3	195,840	[5, 9, 17, 256]	4
1/3	196,560	[5, 7, 52, 108]	4
1/3	196,560	[5, 7, 54, 104]	4
1/3	201,600	[6, 8, 14, 15, 20]	5
1/3	201,600	[6, 10, 14, 15, 16]	5
1/3	210,600	[6, 9, 13, 15, 20]	5
1/3	212,520	[4, 10, 23, 231]	4
1/3	212,520	[4, 15, 23, 154]	4
1/3	212,520	[5, 8, 23, 231]	4
1/3	221,760	[8, 10, 11, 12, 21]	5
1/3	223,080	[4, 11, 65, 78]	4
1/3	224,640	[9, 10, 12, 13, 16]	5
1/3	226,800	[7, 10, 12, 15, 18]	5
1/3	226,800	[8, 9, 10, 15, 21]	5
1/3	231,000	[4, 11, 50, 105]	4
1/3	231,000	[4, 11, 70, 75]	4
1/3	231,660	[4, 13, 33, 135]	4
1/3	237,600	[8, 10, 11, 15, 18]	5
1/3	237,600	[9, 10, 11, 15, 16]	5
1/3	241,920	[7, 10, 12, 16, 18]	5
1/3	242,880	[8, 10, 11, 12, 23]	5
1/3	244,200	[4, 11, 50, 111]	4
1/3	244,200	[4, 11, 74, 75]	4
1/3	247,104	[8, 9, 12, 13, 22]	5
1/3	249,480	[4, 11, 63, 90]	4
1/3	249,480	[9, 10, 11, 12, 21]	5
1/3	251,100	[6, 9, 10, 15, 31]	5
1/3	254,016	[6, 8, 9, 21, 28]	5
1/3	257,400	[4, 11, 65, 90]	4
1/3	258,720	[8, 10, 11, 14, 21]	5
1/3	265,320	[4, 11, 67, 90]	4
1/3	266,112	[7, 8, 12, 18, 22]	5
1/3	267,840	[8, 9, 10, 12, 31]	5
1/3	277,200	[8, 10, 11, 15, 21]	5
1/3	280,800	[8, 9, 13, 15, 20]	5
1/3	282,240	[6, 8, 10, 21, 28]	5
1/3	286,440	[4, 11, 42, 155]	4
1/3	291,060	[4, 11, 63, 105]	4
1/3	291,060	[6, 11, 14, 15, 21]	5
1/3	291,060	[9, 10, 11, 14, 21]	5
1/3	302,400	[6, 9, 14, 16, 25]	5
1/3	302,400	[7, 10, 15, 16, 18]	5
1/3	303,600	[8, 10, 11, 15, 23]	5
1/3	316,800	[6, 11, 15, 16, 20]	5
1/3	325,080	[5, 7, 43, 216]	4
1/3	332,640	[7, 11, 12, 18, 20]	5
1/3	332,640	[8, 10, 11, 18, 21]	5
1/3	334,620	[4, 11, 65, 117]	4
1/3	334,800	[8, 9, 10, 15, 31]	5
1/3	340,200	[7, 10, 12, 15, 27]	5
1/3	348,480	[6, 8, 10, 22, 33]	5
1/3	350,784	[7, 8, 12, 18, 29]	5
1/3	352,800	[6, 8, 10, 21, 35]	5
1/3	364,320	[8, 10, 11, 18, 23]	5
1/3	374,220	[4, 11, 63, 135]	4
1/3	381,480	[4, 11, 34, 255]	4
1/3	381,480	[4, 11, 51, 170]	4
1/3	385,560	[7, 9, 12, 15, 34]	5
1/3	386,100	[4, 11, 65, 135]	4
1/3	388,080	[6, 11, 14, 20, 21]	5
1/3	389,760	[6, 8, 10, 28, 29]	5
1/3	396,000	[6, 11, 15, 16, 25]	5
1/3	397,980	[4, 11, 67, 135]	4
1/3	409,248	[6, 8, 14, 21, 29]	5
1/3	413,280	[5, 7, 41, 288]	4
1/3	415,800	[7, 11, 15, 18, 20]	5
1/3	425,040	[8, 11, 14, 15, 23]	5
1/3	429,660	[4, 11, 63, 155]	4
1/3	438,048	[6, 8, 9, 26, 39]	5
1/3	443,520	[7, 11, 16, 18, 20]	5
1/3	444,528	[6, 8, 9, 21, 49]	5
1/3	453,600	[6, 8, 10, 21, 45]	5
1/3	455,400	[6, 11, 15, 20, 23]	5
1/3	475,200	[6, 8, 9, 20, 55]	5
1/3	485,100	[6, 10, 11, 21, 35]	5
1/3	485,760	[6, 11, 16, 20, 23]	5
1/3	491,400	[8, 9, 13, 15, 35]	5
1/3	498,960	[7, 10, 12, 22, 27]	5
1/3	498,960	[7, 11, 12, 20, 27]	5
1/3	520,128	[6, 8, 9, 28, 43]	5
1/3	526,176	[7, 8, 12, 27, 29]	5
1/3	527,040	[6, 8, 9, 20, 61]	5
1/3	527,040	[6, 9, 10, 16, 61]	5
1/3	533,520	[8, 9, 13, 15, 38]	5
1/3	538,560	[6, 11, 15, 17, 32]	5
1/3	561,000	[4, 11, 34, 375]	4
1/3	561,000	[4, 11, 51, 250]	4
1/3	561,600	[6, 8, 13, 20, 45]	5
1/3	561,600	[6, 10, 13, 16, 45]	5
1/3	564,480	[5, 14, 16, 21, 24]	5
1/3	582,120	[8, 9, 11, 21, 35]	5
1/3	589,680	[5, 7, 39, 432]	4
1/3	591,360	[6, 10, 11, 28, 32]	5
1/3	594,000	[6, 9, 11, 25, 40]	5
1/3	594,000	[8, 9, 11, 25, 30]	5
1/3	595,296	[6, 9, 13, 16, 53]	5
1/3	604,800	[7, 9, 12, 16, 50]	5
1/3	623,700	[6, 10, 11, 21, 45]	5
1/3	635,040	[5, 12, 18, 21, 28]	5
1/3	635,040	[5, 14, 18, 21, 24]	5
1/3	646,800	[6, 10, 11, 28, 35]	5
1/3	665,280	[7, 10, 11, 24, 36]	5
1/3	669,240	[6, 10, 11, 26, 39]	5
1/3	669,600	[6, 8, 10, 31, 45]	5
1/3	705,600	[6, 8, 10, 14, 105]	5
1/3	715,680	[6, 8, 10, 21, 71]	5
1/3	763,776	[6, 9, 13, 17, 64]	5
1/3	776,160	[5, 14, 21, 22, 24]	5
1/3	776,160	[6, 10, 11, 21, 56]	5
1/3	784,080	[6, 8, 9, 15, 121]	5
1/3	786,240	[7, 10, 13, 27, 32]	5
1/3	795,960	[6, 9, 11, 20, 67]	5
1/3	831,600	[7, 10, 11, 15, 72]	5
1/3	831,600	[7, 10, 11, 24, 45]	5
1/3	846,720	[5, 14, 16, 21, 36]	5
1/3	846,720	[5, 14, 18, 21, 32]	5
1/3	846,720	[5, 16, 18, 21, 28]	5
1/3	861,840	[5, 7, 38, 648]	4
1/3	876,960	[7, 8, 15, 29, 36]	5
1/3	887,040	[7, 10, 11, 32, 36]	5
1/3	887,328	[6, 8, 9, 26, 79]	5
1/3	898,560	[5, 13, 16, 24, 36]	5
1/3	902,880	[8, 9, 11, 15, 76]	5
1/3	904,176	[8, 9, 13, 14, 69]	5
1/3	907,200	[7, 8, 10, 36, 45]	5
1/3	942,480	[7, 10, 11, 34, 36]	5
1/3	952,560	[5, 12, 21, 27, 28]	5
1/3	973,440	[5, 12, 16, 26, 39]	5
1/3	997,920	[7, 9, 11, 24, 60]	5
1/3	997,920	[7, 9, 11, 30, 48]	5
1/3	997,920	[7, 10, 11, 24, 54]	5
1/3	1,034,880	[6, 8, 11, 28, 70]	5
1/3	1,054,080	[5, 12, 16, 18, 61]	5
1/3	1,058,400	[4, 14, 18, 30, 35]	5
1/3	1,081,080	[7, 10, 11, 26, 54]	5
1/3	1,128,960	[5, 12, 16, 21, 56]	5
1/3	1,135,680	[5, 14, 16, 26, 39]	5
1/3	1,149,120	[7, 8, 15, 18, 76]	5
1/3	1,149,876	[6, 7, 26, 27, 39]	5
1/3	1,169,280	[5, 12, 16, 29, 42]	5
1/3	1,219,680	[4, 14, 22, 30, 33]	5
1/3	1,234,800	[4, 14, 21, 30, 35]	5
1/3	1,235,520	[9, 10, 11, 13, 96]	5
1/3	1,264,032	[6, 8, 9, 22, 133]	5
1/3	1,283,040	[5, 11, 24, 27, 36]	5
1/3	1,315,440	[5, 16, 21, 27, 29]	5
1/3	1,315,440	[7, 8, 15, 29, 54]	5
1/3	1,330,560	[5, 11, 24, 28, 36]	5
1/3	1,330,560	[7, 8, 11, 36, 60]	5
1/3	1,330,560	[7, 9, 11, 40, 48]	5
1/3	1,330,992	[6, 8, 13, 27, 79]	5
1/3	1,347,840	[5, 13, 16, 24, 54]	5
1/3	1,359,072	[6, 8, 13, 22, 99]	5
1/3	1,360,800	[7, 8, 10, 45, 54]	5
1/3	1,372,140	[6, 7, 22, 33, 45]	5
1/3	1,375,920	[6, 8, 13, 35, 63]	5
1/3	1,383,480	[7, 8, 15, 27, 61]	5
1/3	1,391,040	[7, 8, 10, 36, 69]	5
1/3	1,422,720	[5, 12, 16, 26, 57]	5
1/3	1,426,920	[4, 11, 47, 690]	4
1/3	1,431,360	[7, 8, 10, 36, 71]	5
1/3	1,458,000	[4, 18, 25, 27, 30]	5
1/3	1,542,240	[7, 9, 10, 48, 51]	5
1/3	1,552,320	[5, 11, 24, 28, 42]	5
1/3	1,552,320	[5, 12, 21, 22, 56]	5
1/3	1,552,320	[6, 8, 11, 28, 105]	5
1/3	1,559,250	[7, 9, 10, 33, 75]	5
1/3	1,572,480	[5, 13, 16, 24, 63]	5
1/3	1,572,480	[5, 13, 27, 28, 32]	5
1/3	1,572,480	[5, 14, 16, 26, 54]	5
1/3	1,580,040	[7, 9, 11, 30, 76]	5
1/3	1,580,040	[8, 9, 11, 15, 133]	5
1/3	1,581,120	[5, 12, 16, 27, 61]	5
1/3	1,587,600	[4, 14, 18, 35, 45]	5
1/3	1,587,600	[4, 14, 21, 30, 45]	5
1/3	1,587,600	[4, 18, 21, 30, 35]	5
1/3	1,647,360	[9, 10, 11, 13, 128]	5
1/3	1,651,104	[4, 14, 21, 26, 54]	5
1/3	1,659,840	[5, 14, 16, 38, 39]	5
1/3	1,674,000	[6, 8, 9, 31, 125]	5
1/3	1,678,320	[5, 7, 37, 1296]	4
1/3	1,693,440	[5, 8, 28, 36, 42]	5
1/3	1,707,552	[4, 14, 18, 22, 77]	5
1/3	1,710,720	[5, 11, 27, 32, 36]	5
1/3	1,714,608	[4, 14, 18, 27, 63]	5
1/3	1,738,800	[7, 8, 10, 45, 69]	5
1/3	1,740,960	[5, 13, 27, 31, 32]	5
1/3	1,753,920	[5, 12, 16, 29, 63]	5
1/3	1,774,080	[5, 11, 28, 32, 36]	5
1/3	1,774,080	[7, 9, 11, 32, 80]	5
1/3	1,774,080	[7, 9, 11, 40, 64]	5
1/3	1,784,640	[6, 8, 11, 52, 65]	5
1/3	1,789,200	[7, 8, 10, 45, 71]	5
1/3	1,808,352	[4, 14, 18, 26, 69]	5
1/3	1,821,600	[6, 8, 10, 23, 165]	5
1/3	1,829,520	[4, 21, 22, 30, 33]	5
1/3	1,852,200	[4, 14, 21, 35, 45]	5
1/3	1,874,880	[5, 14, 16, 31, 54]	5
1/3	1,874,880	[7, 9, 10, 48, 62]	5
1/3	1,890,000	[6, 7, 25, 40, 45]	5
1/3	1,940,400	[4, 14, 22, 35, 45]	5
1/3	1,943,040	[5, 11, 23, 32, 48]	5
1/3	1,943,040	[5, 12, 16, 23, 88]	5
1/3	1,975,680	[5, 12, 16, 21, 98]	5
1/3	1,980,000	[6, 8, 11, 50, 75]	5
1/3	1,987,440	[4, 14, 21, 26, 65]	5
1/3	1,992,144	[4, 14, 21, 22, 77]	5
1/3	1,995,840	[5, 11, 18, 42, 48]	5
1/3	1,995,840	[5, 11, 21, 36, 48]	5
1/3	1,995,840	[7, 8, 11, 36, 90]	5
1/3	2,003,760	[4, 22, 23, 30, 33]	5
1/3	2,052,336	[4, 22, 23, 26, 39]	5
1/3	2,063,880	[5, 9, 28, 39, 42]	5
1/3	2,079,000	[6, 7, 20, 45, 55]	5
1/3	2,086,560	[7, 8, 10, 54, 69]	5
1/3	2,140,380	[4, 11, 47, 1035]	4
1/3	2,147,040	[7, 8, 10, 54, 71]	5
1/3	2,147,040	[7, 9, 10, 48, 71]	5
1/3	2,178,000	[4, 18, 22, 25, 55]	5
1/3	2,185,920	[5, 11, 23, 36, 48]	5
1/3	2,190,240	[5, 9, 24, 39, 52]	5
1/3	2,190,240	[5, 9, 26, 39, 48]	5
1/3	2,192,400	[6, 7, 29, 40, 45]	5
1/3	2,192,400	[6, 8, 9, 29, 175]	5
1/3	2,222,640	[5, 9, 24, 42, 49]	5
1/3	2,245,320	[5, 11, 24, 27, 63]	5
1/3	2,260,440	[7, 9, 10, 52, 69]	5
1/3	2,280,096	[4, 14, 26, 29, 54]	5
1/3	2,288,880	[6, 8, 11, 51, 85]	5
1/3	2,291,520	[6, 8, 11, 28, 155]	5
1/3	2,293,200	[4, 14, 18, 35, 65]	5
1/3	2,293,200	[4, 14, 21, 30, 65]	5
1/3	2,328,480	[4, 14, 21, 22, 90]	5
1/3	2,328,480	[4, 18, 21, 22, 70]	5
1/3	2,328,480	[5, 11, 18, 42, 56]	5
1/3	2,328,480	[5, 11, 21, 28, 72]	5
1/3	2,328,480	[5, 11, 21, 36, 56]	5
1/3	2,328,480	[5, 11, 24, 28, 63]	5
1/3	2,338,560	[5, 8, 28, 36, 58]	5
1/3	2,339,280	[5, 9, 24, 38, 57]	5
1/3	2,343,600	[4, 14, 30, 31, 45]	5
1/3	2,358,720	[5, 13, 16, 42, 54]	5
1/3	2,373,624	[4, 18, 27, 33, 37]	5
1/3	2,381,400	[4, 18, 21, 35, 45]	5
1/3	2,459,520	[5, 12, 16, 21, 122]	5
1/3	2,471,040	[5, 11, 26, 32, 54]	5
1/3	2,471,040	[5, 11, 27, 32, 52]	5
1/3	2,471,040	[5, 13, 16, 33, 72]	5
1/3	2,476,656	[4, 14, 18, 27, 91]	5
1/3	2,476,656	[4, 14, 18, 39, 63]	5
1/3	2,476,656	[4, 14, 21, 39, 54]	5
1/3	2,476,656	[4, 14, 26, 27, 63]	5
1/3	2,499,840	[7, 9, 10, 62, 64]	5
1/3	2,504,880	[4, 14, 18, 35, 71]	5
1/3	2,504,880	[4, 14, 21, 30, 71]	5
1/3	2,518,560	[6, 9, 11, 16, 265]	5
1/3	2,521,260	[7, 9, 10, 46, 87]	5
1/3	2,527,200	[4, 10, 26, 45, 54]	5
1/3	2,540,160	[5, 8, 28, 36, 63]	5
1/3	2,540,160	[5, 8, 28, 42, 54]	5
1/3	2,540,160	[5, 9, 21, 48, 56]	5
1/3	2,542,512	[4, 14, 21, 46, 47]	5
1/3	2,550,240	[5, 11, 23, 42, 48]	5
1/3	2,550,240	[7, 10, 11, 23, 144]	5
1/3	2,555,280	[4, 14, 18, 39, 65]	5
1/3	2,555,280	[4, 18, 21, 26, 65]	5
1/3	2,561,328	[4, 14, 18, 33, 77]	5
1/3	2,561,328	[4, 14, 21, 22, 99]	5
1/3	2,561,328	[4, 18, 21, 22, 77]	5
1/3	2,574,000	[4, 18, 25, 26, 55]	5
1/3	2,577,960	[7, 9, 11, 24, 155]	5
1/3	2,593,080	[5, 9, 21, 49, 56]	5
1/3	2,600,640	[7, 8, 10, 43, 108]	5
1/3	2,611,440	[6, 8, 13, 31, 135]	5
1/3	2,636,400	[4, 10, 26, 39, 65]	5
1/3	2,646,000	[4, 10, 35, 42, 45]	5
1/3	2,646,000	[4, 14, 25, 30, 63]	5
1/3	2,646,000	[4, 14, 25, 35, 54]	5
1/3	2,656,080	[4, 18, 31, 34, 35]	5
1/3	2,661,120	[5, 11, 18, 48, 56]	5
1/3	2,676,960	[6, 8, 11, 39, 130]	5
1/3	2,683,800	[6, 7, 20, 45, 71]	5
1/3	2,708,640	[5, 9, 24, 33, 76]	5
1/3	2,708,640	[5, 9, 24, 44, 57]	5
1/3	2,708,640	[5, 11, 18, 48, 57]	5
1/3	2,712,528	[4, 18, 21, 39, 46]	5
1/3	2,728,320	[5, 8, 28, 42, 58]	5
1/3	2,730,672	[4, 14, 18, 43, 63]	5
1/3	2,730,672	[4, 14, 21, 43, 54]	5
1/3	2,735,040	[5, 14, 16, 22, 111]	5
1/3	2,744,280	[4, 21, 22, 33, 45]	5
1/3	2,744,280	[5, 9, 21, 44, 66]	5
1/3	2,751,840	[5, 13, 14, 48, 63]	5
1/3	2,782,080	[5, 8, 28, 36, 69]	5
1/3	2,793,120	[4, 10, 22, 46, 69]	5
1/3	2,812,320	[5, 9, 31, 42, 48]	5
1/3	2,827,440	[6, 8, 11, 63, 85]	5
1/3	2,833,920	[5, 9, 32, 41, 48]	5
1/3	2,835,000	[4, 21, 25, 30, 45]	5
1/3	2,835,000	[4, 25, 27, 30, 35]	5
1/3	2,845,920	[4, 10, 22, 42, 77]	5
1/3	2,853,840	[4, 22, 23, 30, 47]	5
1/3	2,853,840	[5, 11, 23, 47, 48]	5
1/3	2,860,704	[4, 14, 18, 33, 86]	5
1/3	2,862,720	[5, 8, 28, 36, 71]	5
1/3	2,862,720	[7, 9, 10, 64, 71]	5
1/3	2,882,880	[7, 8, 11, 36, 130]	5
1/3	2,914,560	[5, 11, 23, 32, 72]	5
1/3	2,914,560	[5, 11, 23, 36, 64]	5
1/3	2,920,320	[5, 8, 36, 39, 52]	5
1/3	2,920,320	[5, 9, 26, 39, 64]	5
1/3	2,920,320	[5, 9, 32, 39, 52]	5
1/3	2,946,240	[5, 11, 18, 48, 62]	5
1/3	2,954,880	[5, 8, 36, 38, 54]	5
1/3	2,963,520	[5, 9, 24, 49, 56]	5
1/3	2,970,000	[6, 8, 11, 45, 125]	5
1/3	2,979,504	[4, 19, 22, 33, 54]	5
1/3	2,981,160	[4, 14, 21, 39, 65]	5
1/3	2,988,216	[4, 14, 21, 33, 77]	5
1/3	2,993,760	[7, 8, 11, 36, 135]	5
1/3	2,993,760	[7, 8, 11, 54, 90]	5
1/3	2,999,568	[4, 22, 23, 38, 39]	5
1/3	3,005,640	[4, 22, 23, 33, 45]	5
1/3	3,020,976	[4, 14, 18, 27, 111]	5
1/3	3,032,400	[4, 10, 35, 38, 57]	5
1/3	3,042,000	[4, 10, 26, 45, 65]	5
1/3	3,078,504	[4, 23, 26, 33, 39]	5
1/3	3,084,480	[5, 9, 21, 48, 68]	5
1/3	3,084,480	[5, 9, 28, 48, 51]	5
1/3	3,119,040	[5, 8, 36, 38, 57]	5
1/3	3,119,040	[5, 9, 32, 38, 57]	5
1/3	3,139,224	[4, 22, 23, 33, 47]	5
1/3	3,160,080	[6, 8, 11, 45, 133]	5
1/3	3,175,200	[4, 10, 18, 42, 105]	5
1/3	3,175,200	[4, 15, 18, 42, 70]	5
1/3	3,183,840	[5, 11, 18, 48, 67]	5
1/3	3,215,520	[4, 14, 22, 29, 90]	5
1/3	3,220,560	[5, 9, 21, 48, 71]	5
1/3	3,243,240	[7, 8, 13, 33, 135]	5
1/3	3,245,760	[5, 8, 28, 42, 69]	5
1/3	3,250,800	[7, 8, 10, 43, 135]	5
1/3	3,255,840	[7, 8, 10, 34, 171]	5
1/3	3,267,000	[4, 18, 25, 33, 55]	5
1/3	3,268,944	[4, 14, 18, 47, 69]	5
1/3	3,268,944	[4, 18, 21, 46, 47]	5
1/3	3,277,260	[6, 7, 15, 34, 153]	5
1/3	3,281,040	[5, 9, 31, 42, 56]	5
1/3	3,288,600	[4, 21, 29, 30, 45]	5
1/3	3,293,136	[4, 18, 21, 22, 99]	5
1/3	3,294,720	[5, 11, 16, 52, 72]	5
1/3	3,326,400	[7, 8, 11, 50, 108]	5
1/3	3,339,840	[5, 8, 28, 42, 71]	5
1/3	3,386,880	[5, 9, 21, 56, 64]	5
1/3	3,386,880	[5, 9, 24, 49, 64]	5
1/3	3,390,660	[5, 9, 21, 39, 92]	5
1/3	3,400,320	[5, 11, 23, 32, 84]	5
1/3	3,402,000	[4, 14, 25, 45, 54]	5
1/3	3,407,040	[5, 12, 14, 39, 104]	5
1/3	3,421,440	[5, 11, 16, 54, 72]	5
1/3	3,425,760	[4, 10, 26, 54, 61]	5
1/3	3,437,280	[7, 8, 11, 36, 155]	5
1/3	3,437,280	[7, 9, 11, 32, 155]	5
1/3	3,439,800	[4, 14, 21, 45, 65]	5
1/3	3,439,800	[4, 18, 21, 35, 65]	5
1/3	3,456,432	[4, 14, 18, 27, 127]	5
1/3	3,470,040	[4, 18, 21, 27, 85]	5
1/3	3,492,720	[4, 14, 18, 33, 105]	5
1/3	3,492,720	[4, 14, 21, 33, 90]	5
1/3	3,507,840	[5, 8, 36, 42, 58]	5
1/3	3,515,400	[4, 27, 30, 31, 35]	5
1/3	3,548,160	[5, 11, 18, 56, 64]	5
1/3	3,569,280	[5, 11, 16, 52, 78]	5
1/3	3,572,100	[4, 21, 27, 35, 45]	5
1/3	3,575,880	[5, 9, 33, 43, 56]	5
1/3	3,575,880	[7, 9, 10, 33, 172]	5
1/3	3,577,392	[4, 14, 26, 27, 91]	5
1/3	3,598,560	[5, 9, 21, 56, 68]	5
1/3	3,606,768	[4, 18, 22, 23, 99]	5
1/3	3,630,000	[4, 10, 22, 55, 75]	5
1/3	3,630,000	[4, 10, 25, 55, 66]	5
1/3	3,630,000	[4, 15, 22, 50, 55]	5
1/3	3,650,400	[4, 10, 18, 65, 78]	5
1/3	3,704,400	[4, 10, 42, 45, 49]	5
1/3	3,706,560	[5, 11, 18, 39, 96]	5
1/3	3,706,560	[5, 13, 16, 33, 108]	5
1/3	3,714,984	[4, 14, 21, 39, 81]	5
1/3	3,714,984	[4, 14, 27, 39, 63]	5
1/3	3,749,760	[5, 9, 31, 48, 56]	5
1/3	3,757,320	[4, 14, 21, 45, 71]	5
1/3	3,757,320	[4, 18, 21, 35, 71]	5
1/3	3,757,320	[5, 9, 21, 56, 71]	5
1/3	3,764,640	[4, 10, 22, 46, 93]	5
1/3	3,764,640	[5, 11, 23, 32, 93]	5
1/3	3,795,000	[4, 23, 25, 30, 55]	5
1/3	3,810,240	[5, 8, 28, 54, 63]	5
1/3	3,813,768	[4, 14, 21, 47, 69]	5
1/3	3,818,880	[5, 8, 36, 39, 68]	5
1/3	3,818,880	[5, 9, 32, 39, 68]	5
1/3	3,818,880	[5, 9, 34, 39, 64]	5
1/3	3,825,360	[5, 11, 18, 56, 69]	5
1/3	3,841,992	[4, 18, 21, 33, 77]	5
1/3	3,853,200	[4, 10, 26, 39, 95]	5
1/3	3,853,200	[4, 10, 38, 39, 65]	5
1/3	3,861,000	[4, 18, 25, 39, 55]	5
1/3	3,878,280	[4, 14, 27, 45, 57]	5
1/3	3,900,960	[4, 10, 18, 42, 129]	5
1/3	3,900,960	[4, 15, 18, 42, 86]	5
1/3	3,900,960	[7, 8, 10, 43, 162]	5
1/3	3,920,400	[4, 10, 22, 45, 99]	5
1/3	3,928,320	[5, 11, 16, 62, 72]	5
1/3	3,928,320	[5, 11, 18, 62, 64]	5
1/3	3,951,360	[5, 9, 32, 49, 56]	5
1/3	3,954,600	[4, 15, 26, 39, 65]	5
1/3	3,969,000	[4, 10, 35, 45, 63]	5
1/3	3,969,000	[4, 14, 25, 45, 63]	5
1/3	3,969,000	[4, 21, 25, 35, 54]	5
1/3	3,984,120	[4, 18, 31, 35, 51]	5
1/3	3,991,680	[5, 11, 16, 63, 72]	5
1/3	4,010,160	[4, 14, 21, 22, 155]	5
1/3	4,015,440	[5, 11, 18, 39, 104]	5
1/3	4,021,920	[4, 10, 18, 42, 133]	5
1/3	4,051,080	[5, 9, 31, 33, 88]	5
1/3	4,057,200	[4, 10, 35, 42, 69]	5
1/3	4,057,200	[4, 15, 35, 42, 46]	5
1/3	4,062,960	[4, 19, 22, 30, 81]	5
1/3	4,062,960	[5, 11, 19, 48, 81]	5
1/3	4,088,448	[6, 7, 16, 52, 117]	5
1/3	4,096,008	[4, 14, 21, 43, 81]	5
1/3	4,096,008	[4, 14, 27, 43, 63]	5
1/3	4,150,440	[4, 21, 27, 30, 61]	5
1/3	4,151,520	[4, 10, 18, 62, 93]	5
1/3	4,174,800	[4, 10, 35, 42, 71]	5
1/3	4,181,760	[5, 9, 24, 32, 121]	5
1/3	4,207,896	[6, 7, 23, 44, 99]	5
1/3	4,245,120	[5, 11, 16, 67, 72]	5
1/3	4,245,120	[5, 11, 18, 64, 67]	5
1/3	4,268,160	[5, 8, 38, 52, 54]	5
1/3	4,280,760	[4, 23, 30, 33, 47]	5
1/3	4,291,056	[4, 18, 21, 22, 129]	5
1/3	4,294,080	[5, 8, 36, 42, 71]	5
1/3	4,294,080	[5, 9, 28, 48, 71]	5
1/3	4,309,200	[4, 10, 35, 54, 57]	5
1/3	4,309,200	[4, 15, 35, 38, 54]	5
1/3	4,324,320	[5, 13, 16, 33, 126]	5
1/3	4,324,320	[7, 8, 11, 54, 130]	5
1/3	4,347,000	[4, 10, 35, 45, 69]	5
1/3	4,374,000	[4, 10, 25, 54, 81]	5
1/3	4,380,480	[5, 8, 39, 52, 54]	5
1/3	4,410,000	[4, 10, 25, 42, 105]	5
1/3	4,410,000	[4, 15, 25, 42, 70]	5
1/3	4,440,480	[5, 11, 16, 58, 87]	5
1/3	4,445,280	[5, 8, 36, 49, 63]	5
1/3	4,469,256	[4, 19, 22, 33, 81]	5
1/3	4,473,000	[4, 10, 35, 45, 71]	5
1/3	4,490,640	[4, 21, 22, 27, 90]	5
1/3	4,490,640	[5, 11, 21, 27, 144]	5
1/3	4,499,352	[4, 23, 26, 33, 57]	5
1/3	4,520,880	[5, 9, 28, 52, 69]	5
1/3	4,531,464	[4, 18, 21, 37, 81]	5
1/3	4,548,600	[4, 15, 35, 38, 57]	5
1/3	4,551,120	[4, 10, 42, 43, 63]	5
1/3	4,553,280	[5, 8, 36, 51, 62]	5
1/3	4,563,000	[4, 10, 39, 45, 65]	5
1/3	4,577,760	[6, 8, 11, 34, 255]	5
1/3	4,656,960	[5, 11, 16, 63, 84]	5
1/3	4,678,560	[5, 8, 38, 54, 57]	5
1/3	4,684,680	[7, 8, 11, 65, 117]	5
1/3	4,699,728	[4, 18, 22, 23, 129]	5
1/3	4,699,728	[4, 18, 23, 33, 86]	5
1/3	4,762,800	[4, 10, 18, 63, 105]	5
1/3	4,762,800	[4, 15, 18, 63, 70]	5
1/3	4,762,800	[6, 9, 14, 15, 20, 21]	6
1/3	4,785,480	[6, 7, 20, 27, 211]	5
1/3	4,791,600	[4, 10, 22, 45, 121]	5
1/3	4,823,280	[7, 9, 11, 29, 240]	5
1/3	4,868,640	[5, 8, 28, 63, 69]	5
1/3	4,876,200	[6, 7, 20, 43, 135]	5
1/3	4,900,500	[4, 25, 27, 33, 55]	5
1/3	4,914,000	[7, 8, 10, 25, 351]	5
1/3	4,918,320	[4, 22, 23, 27, 90]	5
1/3	4,918,320	[5, 11, 23, 27, 144]	5
1/3	4,939,704	[4, 21, 22, 27, 99]	5
1/3	4,942,080	[5, 11, 16, 52, 108]	5
1/3	4,942,080	[5, 11, 16, 54, 104]	5
1/3	4,942,080	[8, 10, 12, 13, 18, 22]	6
1/3	4,959,360	[5, 9, 32, 41, 84]	5
1/3	4,959,360	[7, 9, 10, 41, 192]	5
1/3	4,989,600	[7, 8, 11, 50, 162]	5
1/3	4,989,600	[10, 11, 12, 14, 15, 18]	6
1/3	4,992,624	[4, 14, 26, 27, 127]	5
1/3	4,998,672	[4, 19, 27, 42, 58]	5
1/3	4,999,680	[5, 9, 31, 56, 64]	5
1/3	5,009,760	[5, 8, 28, 63, 71]	5
1/3	5,064,048	[4, 18, 22, 23, 139]	5
1/3	5,080,320	[9, 10, 12, 14, 16, 21]	6
1/3	5,082,000	[4, 15, 22, 50, 77]	5
1/3	5,088,960	[5, 8, 36, 38, 93]	5
1/3	5,100,480	[5, 11, 23, 28, 144]	5
1/3	5,100,480	[5, 14, 16, 23, 198]	5
1/3	5,110,560	[5, 8, 36, 39, 91]	5
1/3	5,110,560	[5, 8, 39, 52, 63]	5
1/3	5,130,216	[4, 21, 29, 39, 54]	5
1/3	5,155,920	[4, 14, 18, 33, 155]	5
1/3	5,155,920	[4, 18, 21, 22, 155]	5
1/3	5,155,920	[7, 8, 11, 54, 155]	5
1/3	5,159,700	[4, 21, 27, 35, 65]	5
1/3	5,201,280	[5, 8, 28, 43, 108]	5
1/3	5,216,640	[5, 11, 16, 76, 78]	5
1/3	5,239,080	[4, 14, 21, 33, 135]	5
1/3	5,239,080	[9, 11, 12, 14, 15, 21]	6
1/3	5,250,960	[5, 11, 18, 39, 136]	5
1/3	5,261,760	[5, 8, 42, 54, 58]	5
1/3	5,313,360	[4, 10, 26, 39, 131]	5
1/3	5,353,920	[5, 8, 33, 52, 78]	5
1/3	5,353,920	[5, 11, 16, 52, 117]	5
1/3	5,363,820	[5, 9, 21, 44, 129]	5
1/3	5,372,400	[4, 10, 22, 55, 111]	5
1/3	5,405,400	[7, 8, 11, 65, 135]	5
1/3	5,410,152	[4, 22, 23, 27, 99]	5
1/3	5,433,120	[5, 8, 28, 49, 99]	5
1/3	5,445,000	[4, 10, 25, 55, 99]	5
1/3	5,445,000	[4, 10, 33, 55, 75]	5
1/3	5,445,000	[4, 15, 25, 55, 66]	5
1/3	5,445,000	[4, 15, 33, 50, 55]	5
1/3	5,456,880	[6, 8, 11, 53, 195]	5
1/3	5,458,320	[5, 8, 38, 57, 63]	5
1/3	5,459,520	[5, 8, 33, 44, 94]	5
1/3	5,462,100	[7, 9, 10, 34, 255]	5
1/3	5,475,600	[4, 10, 18, 65, 117]	5
1/3	5,475,600	[4, 15, 18, 65, 78]	5
1/3	5,488,560	[4, 10, 22, 63, 99]	5
1/3	5,490,720	[4, 10, 18, 82, 93]	5
1/3	5,490,720	[5, 9, 32, 41, 93]	5
1/3	5,556,600	[4, 10, 45, 49, 63]	5
1/3	5,571,720	[7, 8, 11, 67, 135]	5
1/3	5,588,352	[8, 9, 12, 14, 21, 22]	6
1/3	5,631,600	[4, 10, 38, 39, 95]	5
1/3	5,635,980	[4, 21, 27, 35, 71]	5
1/3	5,656,392	[4, 21, 27, 43, 58]	5
1/3	5,692,500	[4, 23, 25, 45, 55]	5
1/3	5,702,400	[9, 11, 12, 15, 16, 20]	6
1/3	5,725,440	[5, 9, 28, 64, 71]	5
1/3	5,744,640	[5, 11, 17, 48, 128]	5
1/3	5,762,988	[4, 21, 27, 33, 77]	5
1/3	5,779,800	[4, 15, 26, 39, 95]	5
1/3	5,779,800	[4, 15, 26, 57, 65]	5
1/3	5,791,500	[4, 25, 27, 39, 55]	5
1/3	5,821,200	[10, 11, 12, 14, 15, 21]	6
1/3	5,837,040	[4, 10, 22, 67, 99]	5
1/3	5,851,440	[4, 10, 43, 54, 63]	5
1/3	5,892,480	[5, 11, 16, 62, 108]	5
1/3	5,916,456	[4, 14, 27, 43, 91]	5
1/3	5,920,992	[6, 7, 16, 89, 99]	5
1/3	5,953,500	[4, 21, 25, 35, 81]	5
1/3	5,953,500	[6, 9, 10, 15, 21, 35]	6
1/3	5,967,000	[4, 10, 39, 45, 85]	5
1/3	5,967,120	[5, 8, 46, 47, 69]	5
1/3	5,976,180	[4, 27, 31, 35, 51]	5
1/3	5,987,520	[5, 11, 16, 54, 126]	5
1/3	5,987,520	[5, 11, 16, 63, 108]	5
1/3	5,987,520	[5, 11, 21, 27, 192]	5
1/3	5,994,000	[4, 10, 25, 54, 111]	5
1/3	5,994,000	[4, 15, 25, 54, 74]	5
1/3	6,011,280	[5, 9, 23, 66, 88]	5
1/3	6,015,240	[4, 14, 21, 33, 155]	5
1/3	6,032,880	[4, 15, 18, 42, 133]	5
1/3	6,048,000	[8, 9, 12, 14, 20, 25]	6
1/3	6,068,160	[5, 8, 28, 43, 126]	5
1/3	6,085,800	[4, 10, 35, 63, 69]	5
1/3	6,103,680	[5, 11, 16, 51, 136]	5
1/3	6,105,000	[4, 10, 25, 55, 111]	5
1/3	6,105,000	[4, 15, 25, 55, 74]	5
1/3	6,123,600	[4, 10, 18, 63, 135]	5
1/3	6,209,280	[10, 11, 12, 14, 16, 21]	6
1/3	6,227,280	[4, 15, 18, 62, 93]	5
1/3	6,248,088	[4, 14, 23, 49, 99]	5
1/3	6,256,320	[5, 8, 28, 38, 147]	5
1/3	6,262,200	[4, 10, 35, 63, 71]	5
1/3	6,262,200	[4, 15, 35, 42, 71]	5
1/3	6,284,520	[4, 15, 33, 46, 69]	5
1/3	6,318,000	[4, 10, 18, 65, 135]	5
1/3	6,318,000	[4, 10, 25, 78, 81]	5
1/3	6,320,160	[4, 10, 18, 77, 114]	5
1/3	6,350,400	[8, 9, 14, 15, 20, 21]	6
1/3	6,367,680	[5, 11, 16, 67, 108]	5
1/3	6,375,600	[4, 14, 23, 30, 165]	5
1/3	6,375,600	[4, 14, 23, 55, 90]	5
1/3	6,375,600	[4, 21, 23, 30, 110]	5
1/3	6,388,200	[4, 10, 39, 45, 91]	5
1/3	6,388,200	[4, 10, 39, 63, 65]	5
1/3	6,403,320	[4, 15, 33, 42, 77]	5
1/3	6,421,140	[4, 23, 33, 45, 47]	5
1/3	6,431,040	[7, 9, 11, 29, 320]	5
1/3	6,441,120	[5, 8, 42, 54, 71]	5
1/3	6,462,720	[5, 11, 17, 54, 128]	5
1/3	6,498,000	[4, 10, 25, 38, 171]	5
1/3	6,557,760	[5, 9, 23, 48, 132]	5
1/3	6,557,760	[5, 11, 23, 27, 192]	5
1/3	6,584,160	[5, 11, 16, 86, 87]	5
1/3	6,612,480	[7, 9, 10, 41, 256]	5
1/3	6,615,000	[4, 10, 25, 45, 147]	5
1/3	6,615,000	[4, 10, 25, 63, 105]	5
1/3	6,615,000	[4, 15, 25, 63, 70]	5
1/3	6,652,800	[10, 11, 14, 15, 16, 18]	6
1/3	6,654,960	[4, 10, 39, 54, 79]	5
1/3	6,654,960	[4, 15, 26, 54, 79]	5
1/3	6,661,200	[4, 10, 26, 35, 183]	5
1/3	6,667,920	[4, 10, 18, 63, 147]	5
1/3	6,667,920	[5, 8, 49, 54, 63]	5
1/3	6,692,400	[4, 10, 33, 65, 78]	5
1/3	6,692,400	[4, 15, 22, 65, 78]	5
1/3	6,718,320	[4, 10, 43, 62, 63]	5
1/3	6,739,200	[8, 9, 12, 13, 20, 30]	6
1/3	6,739,200	[9, 10, 13, 15, 16, 24]	6
1/3	6,762,000	[4, 10, 25, 42, 161]	5
1/3	6,791,400	[4, 10, 35, 49, 99]	5
1/3	6,795,000	[4, 10, 25, 45, 151]	5
1/3	6,829,920	[5, 8, 51, 54, 62]	5
1/3	6,840,288	[4, 13, 42, 54, 58]	5
1/3	6,874,560	[5, 11, 16, 62, 126]	5
1/3	6,874,560	[5, 11, 16, 63, 124]	5
1/3	6,894,720	[8, 10, 12, 14, 19, 27]	6
1/3	6,922,080	[5, 8, 46, 57, 66]	5
1/3	6,963,840	[5, 8, 31, 52, 108]	5
1/3	6,982,800	[4, 15, 22, 46, 115]	5
1/3	6,985,440	[9, 11, 12, 14, 20, 21]	6
1/3	7,030,800	[4, 10, 18, 63, 155]	5
1/3	7,030,800	[9, 10, 12, 14, 15, 31]	6
1/3	7,104,240	[4, 22, 23, 27, 130]	5
1/3	7,104,240	[5, 11, 23, 27, 208]	5
1/3	7,128,000	[9, 11, 12, 15, 16, 25]	6
1/3	7,144,200	[4, 15, 27, 63, 70]	5
1/3	7,151,760	[5, 9, 28, 33, 172]	5
1/3	7,182,000	[4, 10, 25, 42, 171]	5
1/3	7,234,920	[4, 21, 29, 33, 90]	5
1/3	7,234,920	[5, 11, 21, 27, 232]	5
1/3	7,257,600	[7, 8, 12, 18, 20, 30]	6
1/3	7,257,600	[7, 12, 15, 16, 18, 20]	6
1/3	7,286,400	[8, 11, 12, 15, 20, 23]	6
1/3	7,286,400	[10, 11, 12, 15, 16, 23]	6
1/3	7,356,960	[5, 8, 36, 39, 131]	5
1/3	7,366,464	[8, 9, 12, 14, 21, 29]	6
1/3	7,413,120	[8, 11, 12, 13, 18, 30]	6
1/3	7,428,960	[5, 11, 16, 67, 126]	5
1/3	7,429,968	[4, 13, 42, 54, 63]	5
1/3	7,438,200	[4, 14, 23, 55, 105]	5
1/3	7,438,200	[4, 21, 23, 55, 70]	5
1/3	7,439,040	[5, 9, 21, 41, 192]	5
1/3	7,448,760	[4, 19, 27, 55, 66]	5
1/3	7,455,000	[4, 10, 25, 71, 105]	5
1/3	7,455,000	[4, 15, 25, 70, 71]	5
1/3	7,484,400	[9, 10, 11, 15, 21, 24]	6
1/3	7,502,880	[5, 11, 21, 29, 224]	5
1/3	7,510,320	[4, 19, 27, 30, 122]	5
1/3	7,560,000	[6, 7, 16, 50, 225]	5
1/3	7,585,200	[4, 10, 35, 43, 126]	5
1/3	7,596,072	[4, 18, 23, 33, 139]	5
1/3	7,623,000	[4, 10, 33, 75, 77]	5
1/3	7,633,440	[5, 8, 38, 54, 93]	5
1/3	7,637,760	[5, 13, 17, 27, 256]	5
1/3	7,650,720	[5, 9, 23, 84, 88]	5
1/3	7,650,720	[10, 11, 12, 14, 18, 23]	6
1/3	7,665,840	[4, 10, 18, 91, 117]	5
1/3	7,665,840	[5, 8, 39, 54, 91]	5
1/3	7,695,000	[4, 19, 25, 30, 135]	5
1/3	7,695,324	[4, 21, 29, 39, 81]	5
1/3	7,700,400	[4, 10, 18, 93, 115]	5
1/3	7,700,400	[4, 15, 18, 62, 115]	5
1/3	7,707,960	[4, 15, 39, 54, 61]	5
1/3	7,761,600	[8, 11, 14, 15, 20, 21]	6
1/3	7,765,680	[4, 10, 38, 39, 131]	5
1/3	7,797,600	[4, 10, 18, 38, 285]	5
1/3	7,801,920	[5, 8, 42, 43, 108]	5
1/3	7,814,664	[4, 22, 23, 27, 143]	5
1/3	7,824,960	[5, 8, 33, 52, 114]	5
1/3	7,892,640	[4, 10, 29, 54, 126]	5
1/3	7,909,200	[4, 10, 18, 65, 169]	5
1/3	7,923,960	[5, 9, 23, 87, 88]	5
1/3	7,949,760	[5, 8, 28, 39, 182]	5
1/3	7,970,040	[4, 15, 26, 39, 131]	5
1/3	8,013,600	[6, 7, 16, 45, 265]	5
1/3	8,030,880	[5, 8, 33, 52, 117]	5
1/3	8,035,200	[6, 9, 15, 16, 20, 31]	6
1/3	8,058,600	[4, 15, 33, 55, 74]	5
1/3	8,102,160	[4, 10, 31, 66, 99]	5
1/3	8,125,920	[5, 11, 16, 54, 171]	5
1/3	8,127,000	[4, 10, 35, 43, 135]	5
1/3	8,127,000	[4, 10, 43, 63, 75]	5
1/3	8,149,680	[6, 8, 11, 49, 315]	5
1/3	8,154,000	[4, 10, 18, 75, 151]	5
1/3	8,154,000	[4, 15, 18, 50, 151]	5
1/3	8,167,500	[4, 15, 25, 55, 99]	5
1/3	8,173,440	[5, 8, 33, 36, 172]	5
1/3	8,197,200	[9, 11, 12, 15, 20, 23]	6
1/3	8,213,400	[4, 15, 18, 65, 117]	5
1/3	8,225,280	[7, 9, 10, 34, 384]	5
1/3	8,230,320	[5, 8, 42, 69, 71]	5
1/3	8,236,080	[4, 15, 18, 62, 123]	5
1/3	8,255,520	[5, 13, 14, 21, 432]	5
1/3	8,379,360	[5, 8, 33, 69, 92]	5
1/3	3	[3]	1
1/3	24	[4, 6]	2
1/3	30	[5, 6]	2
1/3	36	[4, 9]	2
1/3	378	[6, 7, 9]	3
1/3	480	[5, 8, 12]	3
1/3	504	[7, 8, 9]	3
1/3	540	[5, 9, 12]	3
1/3	600	[4, 10, 15]	3
1/3	660	[5, 11, 12]	3
1/3	720	[5, 8, 18]	3
1/3	720	[5, 9, 16]	3
1/3	840	[4, 10, 21]	3
1/3	840	[4, 14, 15]	3
1/3	840	[5, 8, 21]	3
1/3	936	[4, 13, 18]	3
1/3	1,260	[5, 7, 36]	3
1/3	1,320	[4, 11, 30]	3
1/3	1,404	[4, 13, 27]	3
1/3	1,980	[4, 11, 45]	3
1/3	7,200	[6, 8, 10, 15]	4
1/3	9,450	[7, 9, 10, 15]	4
1/3	9,900	[6, 10, 11, 15]	4
1/3	10,560	[6, 8, 11, 20]	4
1/3	10,560	[6, 10, 11, 16]	4
1/3	10,800	[6, 8, 9, 25]	4
1/3	13,860	[7, 10, 11, 18]	4
1/3	15,120	[5, 12, 14, 18]	4
1/3	15,120	[7, 9, 10, 24]	4
1/3	15,180	[6, 10, 11, 23]	4
1/3	17,640	[5, 12, 14, 21]	4
1/3	19,656	[7, 8, 13, 27]	4
1/3	20,160	[5, 14, 16, 18]	4
1/3	20,160	[7, 9, 10, 32]	4
1/3	21,120	[5, 11, 16, 24]	4
1/3	21,168	[4, 14, 18, 21]	4
1/3	22,680	[5, 9, 21, 24]	4
1/3	23,760	[5, 11, 18, 24]	4
1/3	26,460	[5, 9, 21, 28]	4
1/3	27,720	[5, 11, 21, 24]	4
1/3	27,720	[7, 8, 11, 45]	4
1/3	28,080	[5, 13, 16, 27]	4
1/3	29,040	[4, 10, 22, 33]	4
1/3	29,232	[4, 14, 18, 29]	4
1/3	30,240	[5, 9, 24, 28]	4
1/3	30,360	[5, 11, 23, 24]	4
1/3	31,680	[5, 11, 16, 36]	4
1/3	31,680	[5, 11, 18, 32]	4
1/3	31,752	[4, 14, 21, 27]	4
1/3	32,400	[4, 10, 18, 45]	4
1/3	33,480	[5, 9, 24, 31]	4
1/3	34,104	[4, 14, 21, 29]	4
1/3	36,936	[4, 18, 19, 27]	4
1/3	36,960	[5, 11, 16, 42]	4
1/3	37,440	[5, 8, 26, 36]	4
1/3	38,880	[5, 8, 27, 36]	4
1/3	40,320	[5, 9, 28, 32]	4
1/3	40,560	[5, 8, 26, 39]	4
1/3	41,040	[4, 10, 18, 57]	4
1/3	41,040	[4, 15, 18, 38]	4
1/3	43,560	[4, 15, 22, 33]	4
1/3	43,848	[4, 18, 21, 29]	4
1/3	43,920	[4, 10, 18, 61]	4
1/3	44,640	[5, 8, 31, 36]	4
1/3	44,640	[5, 9, 31, 32]	4
1/3	48,600	[4, 10, 27, 45]	4
1/3	48,720	[4, 10, 29, 42]	4
1/3	51,000	[4, 10, 25, 51]	4
1/3	51,000	[4, 15, 25, 34]	4
1/3	53,352	[4, 19, 26, 27]	4
1/3	55,440	[5, 11, 14, 72]	4
1/3	55,800	[4, 10, 31, 45]	4
1/3	56,160	[5, 8, 26, 54]	4
1/3	56,160	[5, 8, 27, 52]	4
1/3	58,800	[4, 10, 14, 105]	4
1/3	59,280	[5, 8, 38, 39]	4
1/3	65,772	[4, 21, 27, 29]	4
1/3	65,880	[4, 15, 18, 61]	4
1/3	66,960	[5, 8, 31, 54]	4
1/3	68,040	[4, 10, 27, 63]	4
1/3	68,040	[5, 8, 27, 63]	4
1/3	70,200	[4, 10, 27, 65]	4
1/3	70,200	[4, 13, 30, 45]	4
1/3	73,080	[4, 15, 29, 42]	4
1/3	78,120	[4, 10, 31, 63]	4
1/3	78,120	[5, 8, 31, 63]	4
1/3	78,960	[4, 10, 14, 141]	4
1/3	88,200	[4, 15, 21, 70]	4
1/3	97,680	[5, 8, 22, 111]	4
1/3	98,280	[4, 10, 27, 91]	4
1/3	98,280	[4, 13, 30, 63]	4
1/3	98,280	[4, 13, 42, 45]	4
1/3	98,280	[5, 8, 27, 91]	4
1/3	98,820	[4, 15, 27, 61]	4
1/3	102,960	[4, 13, 22, 90]	4
1/3	102,960	[5, 11, 13, 144]	4
1/3	109,620	[4, 15, 29, 63]	4
1/3	113,256	[4, 13, 22, 99]	4
1/3	118,440	[4, 15, 21, 94]	4
1/3	120,960	[5, 7, 48, 72]	4
1/3	121,440	[5, 8, 23, 132]	4
1/3	129,360	[4, 11, 42, 70]	4
1/3	129,600	[8, 9, 10, 12, 15]	5
1/3	136,080	[5, 7, 54, 72]	4
1/3	146,880	[5, 9, 17, 192]	4
1/3	151,800	[4, 10, 23, 165]	4
1/3	151,800	[4, 15, 23, 110]	4
1/3	154,440	[4, 13, 33, 90]	4
1/3	158,400	[8, 10, 11, 12, 15]	5
1/3	161,280	[5, 7, 64, 72]	4
1/3	165,000	[4, 11, 50, 75]	4
1/3	166,320	[4, 11, 42, 90]	4
1/3	166,320	[5, 7, 66, 72]	4
1/3	171,360	[5, 7, 68, 72]	4
1/3	173,880	[5, 7, 69, 72]	4
1/3	178,200	[9, 10, 11, 12, 15]	5
1/3	178,920	[5, 7, 71, 72]	4
1/3	181,440	[5, 7, 48, 108]	4
1/3	181,440	[5, 7, 54, 96]	4
1/3	181,440	[5, 7, 64, 81]	4
1/3	181,440	[8, 9, 10, 12, 21]	5
1/3	182,160	[5, 8, 23, 198]	4
1/3	190,080	[8, 9, 10, 12, 22]	5
1/3	190,080	[8, 9, 11, 12, 20]	5
1/3	194,040	[4, 11, 42, 105]	4
1/3	195,840	[5, 9, 17, 256]	4
1/3	196,560	[5, 7, 52, 108]	4
1/3	196,560	[5, 7, 54, 104]	4
1/3	201,600	[6, 8, 14, 15, 20]	5
1/3	201,600	[6, 10, 14, 15, 16]	5
1/3	210,600	[6, 9, 13, 15, 20]	5
1/3	212,520	[4, 10, 23, 231]	4
1/3	212,520	[4, 15, 23, 154]	4
1/3	212,520	[5, 8, 23, 231]	4
1/3	221,760	[8, 10, 11, 12, 21]	5
1/3	223,080	[4, 11, 65, 78]	4
1/3	224,640	[9, 10, 12, 13, 16]	5
1/3	226,800	[7, 10, 12, 15, 18]	5
1/3	226,800	[8, 9, 10, 15, 21]	5
1/3	231,000	[4, 11, 50, 105]	4
1/3	231,000	[4, 11, 70, 75]	4
1/3	231,660	[4, 13, 33, 135]	4
1/3	237,600	[8, 10, 11, 15, 18]	5
1/3	237,600	[9, 10, 11, 15, 16]	5
1/3	241,920	[7, 10, 12, 16, 18]	5
1/3	242,880	[8, 10, 11, 12, 23]	5
1/3	244,200	[4, 11, 50, 111]	4
1/3	244,200	[4, 11, 74, 75]	4
1/3	247,104	[8, 9, 12, 13, 22]	5
1/3	249,480	[4, 11, 63, 90]	4
1/3	249,480	[9, 10, 11, 12, 21]	5
1/3	251,100	[6, 9, 10, 15, 31]	5
1/3	254,016	[6, 8, 9, 21, 28]	5
1/3	257,400	[4, 11, 65, 90]	4
1/3	258,720	[8, 10, 11, 14, 21]	5
1/3	265,320	[4, 11, 67, 90]	4
1/3	266,112	[7, 8, 12, 18, 22]	5
1/3	267,840	[8, 9, 10, 12, 31]	5
1/3	277,200	[8, 10, 11, 15, 21]	5
1/3	280,800	[8, 9, 13, 15, 20]	5
1/3	282,240	[6, 8, 10, 21, 28]	5
1/3	286,440	[4, 11, 42, 155]	4
1/3	291,060	[4, 11, 63, 105]	4
1/3	291,060	[6, 11, 14, 15, 21]	5
1/3	291,060	[9, 10, 11, 14, 21]	5
1/3	302,400	[6, 9, 14, 16, 25]	5
1/3	302,400	[7, 10, 15, 16, 18]	5
1/3	303,600	[8, 10, 11, 15, 23]	5
1/3	316,800	[6, 11, 15, 16, 20]	5
1/3	325,080	[5, 7, 43, 216]	4
1/3	332,640	[7, 11, 12, 18, 20]	5
1/3	332,640	[8, 10, 11, 18, 21]	5
1/3	334,620	[4, 11, 65, 117]	4
1/3	334,800	[8, 9, 10, 15, 31]	5
1/3	340,200	[7, 10, 12, 15, 27]	5
1/3	348,480	[6, 8, 10, 22, 33]	5
1/3	350,784	[7, 8, 12, 18, 29]	5
1/3	352,800	[6, 8, 10, 21, 35]	5
1/3	364,320	[8, 10, 11, 18, 23]	5
1/3	374,220	[4, 11, 63, 135]	4
1/3	381,480	[4, 11, 34, 255]	4
1/3	381,480	[4, 11, 51, 170]	4
1/3	385,560	[7, 9, 12, 15, 34]	5
1/3	386,100	[4, 11, 65, 135]	4
1/3	388,080	[6, 11, 14, 20, 21]	5
1/3	389,760	[6, 8, 10, 28, 29]	5
1/3	396,000	[6, 11, 15, 16, 25]	5
1/3	397,980	[4, 11, 67, 135]	4
1/3	409,248	[6, 8, 14, 21, 29]	5
1/3	413,280	[5, 7, 41, 288]	4
1/3	415,800	[7, 11, 15, 18, 20]	5
1/3	425,040	[8, 11, 14, 15, 23]	5
1/3	429,660	[4, 11, 63, 155]	4
1/3	438,048	[6, 8, 9, 26, 39]	5
1/3	443,520	[7, 11, 16, 18, 20]	5
1/3	444,528	[6, 8, 9, 21, 49]	5
1/3	453,600	[6, 8, 10, 21, 45]	5
1/3	455,400	[6, 11, 15, 20, 23]	5
1/3	475,200	[6, 8, 9, 20, 55]	5
1/3	485,100	[6, 10, 11, 21, 35]	5
1/3	485,760	[6, 11, 16, 20, 23]	5
1/3	491,400	[8, 9, 13, 15, 35]	5
1/3	498,960	[7, 10, 12, 22, 27]	5
1/3	498,960	[7, 11, 12, 20, 27]	5
1/3	520,128	[6, 8, 9, 28, 43]	5
1/3	526,176	[7, 8, 12, 27, 29]	5
1/3	527,040	[6, 8, 9, 20, 61]	5
1/3	527,040	[6, 9, 10, 16, 61]	5
1/3	533,520	[8, 9, 13, 15, 38]	5
1/3	538,560	[6, 11, 15, 17, 32]	5
1/3	561,000	[4, 11, 34, 375]	4
1/3	561,000	[4, 11, 51, 250]	4
1/3	561,600	[6, 8, 13, 20, 45]	5
1/3	561,600	[6, 10, 13, 16, 45]	5
1/3	564,480	[5, 14, 16, 21, 24]	5
1/3	582,120	[8, 9, 11, 21, 35]	5
1/3	589,680	[5, 7, 39, 432]	4
1/3	591,360	[6, 10, 11, 28, 32]	5
1/3	594,000	[6, 9, 11, 25, 40]	5
1/3	594,000	[8, 9, 11, 25, 30]	5
1/3	595,296	[6, 9, 13, 16, 53]	5
1/3	604,800	[7, 9, 12, 16, 50]	5
1/3	623,700	[6, 10, 11, 21, 45]	5
1/3	635,040	[5, 12, 18, 21, 28]	5
1/3	635,040	[5, 14, 18, 21, 24]	5
1/3	646,800	[6, 10, 11, 28, 35]	5
1/3	665,280	[7, 10, 11, 24, 36]	5
1/3	669,240	[6, 10, 11, 26, 39]	5
1/3	669,600	[6, 8, 10, 31, 45]	5
1/3	705,600	[6, 8, 10, 14, 105]	5
1/3	715,680	[6, 8, 10, 21, 71]	5
1/3	763,776	[6, 9, 13, 17, 64]	5
1/3	776,160	[5, 14, 21, 22, 24]	5
1/3	776,160	[6, 10, 11, 21, 56]	5
1/3	784,080	[6, 8, 9, 15, 121]	5
1/3	786,240	[7, 10, 13, 27, 32]	5
1/3	795,960	[6, 9, 11, 20, 67]	5
1/3	831,600	[7, 10, 11, 15, 72]	5
1/3	831,600	[7, 10, 11, 24, 45]	5
1/3	846,720	[5, 14, 16, 21, 36]	5
1/3	846,720	[5, 14, 18, 21, 32]	5
1/3	846,720	[5, 16, 18, 21, 28]	5
1/3	861,840	[5, 7, 38, 648]	4
1/3	876,960	[7, 8, 15, 29, 36]	5
1/3	887,040	[7, 10, 11, 32, 36]	5
1/3	887,328	[6, 8, 9, 26, 79]	5
1/3	898,560	[5, 13, 16, 24, 36]	5
1/3	902,880	[8, 9, 11, 15, 76]	5
1/3	904,176	[8, 9, 13, 14, 69]	5
1/3	907,200	[7, 8, 10, 36, 45]	5
1/3	942,480	[7, 10, 11, 34, 36]	5
1/3	952,560	[5, 12, 21, 27, 28]	5
1/3	973,440	[5, 12, 16, 26, 39]	5
1/3	997,920	[7, 9, 11, 24, 60]	5
1/3	997,920	[7, 9, 11, 30, 48]	5
1/3	997,920	[7, 10, 11, 24, 54]	5
1/3	1,034,880	[6, 8, 11, 28, 70]	5
1/3	1,054,080	[5, 12, 16, 18, 61]	5
1/3	1,058,400	[4, 14, 18, 30, 35]	5
1/3	1,081,080	[7, 10, 11, 26, 54]	5
1/3	1,128,960	[5, 12, 16, 21, 56]	5
1/3	1,135,680	[5, 14, 16, 26, 39]	5
1/3	1,149,120	[7, 8, 15, 18, 76]	5
1/3	1,149,876	[6, 7, 26, 27, 39]	5
1/3	1,169,280	[5, 12, 16, 29, 42]	5
1/3	1,219,680	[4, 14, 22, 30, 33]	5
1/3	1,234,800	[4, 14, 21, 30, 35]	5
1/3	1,235,520	[9, 10, 11, 13, 96]	5
1/3	1,264,032	[6, 8, 9, 22, 133]	5
1/3	1,283,040	[5, 11, 24, 27, 36]	5
1/3	1,315,440	[5, 16, 21, 27, 29]	5
1/3	1,315,440	[7, 8, 15, 29, 54]	5
1/3	1,330,560	[5, 11, 24, 28, 36]	5
1/3	1,330,560	[7, 8, 11, 36, 60]	5
1/3	1,330,560	[7, 9, 11, 40, 48]	5
1/3	1,330,992	[6, 8, 13, 27, 79]	5
1/3	1,347,840	[5, 13, 16, 24, 54]	5
1/3	1,359,072	[6, 8, 13, 22, 99]	5
1/3	1,360,800	[7, 8, 10, 45, 54]	5
1/3	1,372,140	[6, 7, 22, 33, 45]	5
1/3	1,375,920	[6, 8, 13, 35, 63]	5
1/3	1,383,480	[7, 8, 15, 27, 61]	5
1/3	1,391,040	[7, 8, 10, 36, 69]	5
1/3	1,422,720	[5, 12, 16, 26, 57]	5
1/3	1,426,920	[4, 11, 47, 690]	4
1/3	1,431,360	[7, 8, 10, 36, 71]	5
1/3	1,458,000	[4, 18, 25, 27, 30]	5
1/3	1,542,240	[7, 9, 10, 48, 51]	5
1/3	1,552,320	[5, 11, 24, 28, 42]	5
1/3	1,552,320	[5, 12, 21, 22, 56]	5
1/3	1,552,320	[6, 8, 11, 28, 105]	5
1/3	1,559,250	[7, 9, 10, 33, 75]	5
1/3	1,572,480	[5, 13, 16, 24, 63]	5
1/3	1,572,480	[5, 13, 27, 28, 32]	5
1/3	1,572,480	[5, 14, 16, 26, 54]	5
1/3	1,580,040	[7, 9, 11, 30, 76]	5
1/3	1,580,040	[8, 9, 11, 15, 133]	5
1/3	1,581,120	[5, 12, 16, 27, 61]	5
1/3	1,587,600	[4, 14, 18, 35, 45]	5
1/3	1,587,600	[4, 14, 21, 30, 45]	5
1/3	1,587,600	[4, 18, 21, 30, 35]	5
1/3	1,647,360	[9, 10, 11, 13, 128]	5
1/3	1,651,104	[4, 14, 21, 26, 54]	5
1/3	1,659,840	[5, 14, 16, 38, 39]	5
1/3	1,674,000	[6, 8, 9, 31, 125]	5
1/3	1,678,320	[5, 7, 37, 1296]	4
1/3	1,693,440	[5, 8, 28, 36, 42]	5
1/3	1,707,552	[4, 14, 18, 22, 77]	5
1/3	1,710,720	[5, 11, 27, 32, 36]	5
1/3	1,714,608	[4, 14, 18, 27, 63]	5
1/3	1,738,800	[7, 8, 10, 45, 69]	5
1/3	1,740,960	[5, 13, 27, 31, 32]	5
1/3	1,753,920	[5, 12, 16, 29, 63]	5
1/3	1,774,080	[5, 11, 28, 32, 36]	5
1/3	1,774,080	[7, 9, 11, 32, 80]	5
1/3	1,774,080	[7, 9, 11, 40, 64]	5
1/3	1,784,640	[6, 8, 11, 52, 65]	5
1/3	1,789,200	[7, 8, 10, 45, 71]	5
1/3	1,808,352	[4, 14, 18, 26, 69]	5
1/3	1,821,600	[6, 8, 10, 23, 165]	5
1/3	1,829,520	[4, 21, 22, 30, 33]	5
1/3	1,852,200	[4, 14, 21, 35, 45]	5
1/3	1,874,880	[5, 14, 16, 31, 54]	5
1/3	1,874,880	[7, 9, 10, 48, 62]	5
1/3	1,890,000	[6, 7, 25, 40, 45]	5
1/3	1,940,400	[4, 14, 22, 35, 45]	5
1/3	1,943,040	[5, 11, 23, 32, 48]	5
1/3	1,943,040	[5, 12, 16, 23, 88]	5
1/3	1,975,680	[5, 12, 16, 21, 98]	5
1/3	1,980,000	[6, 8, 11, 50, 75]	5
1/3	1,987,440	[4, 14, 21, 26, 65]	5
1/3	1,992,144	[4, 14, 21, 22, 77]	5
1/3	1,995,840	[5, 11, 18, 42, 48]	5
1/3	1,995,840	[5, 11, 21, 36, 48]	5
1/3	1,995,840	[7, 8, 11, 36, 90]	5
1/3	2,003,760	[4, 22, 23, 30, 33]	5
1/3	2,052,336	[4, 22, 23, 26, 39]	5
1/3	2,063,880	[5, 9, 28, 39, 42]	5
1/3	2,079,000	[6, 7, 20, 45, 55]	5
1/3	2,086,560	[7, 8, 10, 54, 69]	5
1/3	2,140,380	[4, 11, 47, 1035]	4
1/3	2,147,040	[7, 8, 10, 54, 71]	5
1/3	2,147,040	[7, 9, 10, 48, 71]	5
1/3	2,178,000	[4, 18, 22, 25, 55]	5
1/3	2,185,920	[5, 11, 23, 36, 48]	5
1/3	2,190,240	[5, 9, 24, 39, 52]	5
1/3	2,190,240	[5, 9, 26, 39, 48]	5
1/3	2,192,400	[6, 7, 29, 40, 45]	5
1/3	2,192,400	[6, 8, 9, 29, 175]	5
1/3	2,222,640	[5, 9, 24, 42, 49]	5
1/3	2,245,320	[5, 11, 24, 27, 63]	5
1/3	2,260,440	[7, 9, 10, 52, 69]	5
1/3	2,280,096	[4, 14, 26, 29, 54]	5
1/3	2,288,880	[6, 8, 11, 51, 85]	5
1/3	2,291,520	[6, 8, 11, 28, 155]	5
1/3	2,293,200	[4, 14, 18, 35, 65]	5
1/3	2,293,200	[4, 14, 21, 30, 65]	5
1/3	2,328,480	[4, 14, 21, 22, 90]	5
1/3	2,328,480	[4, 18, 21, 22, 70]	5
1/3	2,328,480	[5, 11, 18, 42, 56]	5
1/3	2,328,480	[5, 11, 21, 28, 72]	5
1/3	2,328,480	[5, 11, 21, 36, 56]	5
1/3	2,328,480	[5, 11, 24, 28, 63]	5
1/3	2,338,560	[5, 8, 28, 36, 58]	5
1/3	2,339,280	[5, 9, 24, 38, 57]	5
1/3	2,343,600	[4, 14, 30, 31, 45]	5
1/3	2,358,720	[5, 13, 16, 42, 54]	5
1/3	2,373,624	[4, 18, 27, 33, 37]	5
1/3	2,381,400	[4, 18, 21, 35, 45]	5
1/3	2,459,520	[5, 12, 16, 21, 122]	5
1/3	2,471,040	[5, 11, 26, 32, 54]	5
1/3	2,471,040	[5, 11, 27, 32, 52]	5
1/3	2,471,040	[5, 13, 16, 33, 72]	5
1/3	2,476,656	[4, 14, 18, 27, 91]	5
1/3	2,476,656	[4, 14, 18, 39, 63]	5
1/3	2,476,656	[4, 14, 21, 39, 54]	5
1/3	2,476,656	[4, 14, 26, 27, 63]	5
1/3	2,499,840	[7, 9, 10, 62, 64]	5
1/3	2,504,880	[4, 14, 18, 35, 71]	5
1/3	2,504,880	[4, 14, 21, 30, 71]	5
1/3	2,518,560	[6, 9, 11, 16, 265]	5
1/3	2,521,260	[7, 9, 10, 46, 87]	5
1/3	2,527,200	[4, 10, 26, 45, 54]	5
1/3	2,540,160	[5, 8, 28, 36, 63]	5
1/3	2,540,160	[5, 8, 28, 42, 54]	5
1/3	2,540,160	[5, 9, 21, 48, 56]	5
1/3	2,542,512	[4, 14, 21, 46, 47]	5
1/3	2,550,240	[5, 11, 23, 42, 48]	5
1/3	2,550,240	[7, 10, 11, 23, 144]	5
1/3	2,555,280	[4, 14, 18, 39, 65]	5
1/3	2,555,280	[4, 18, 21, 26, 65]	5
1/3	2,561,328	[4, 14, 18, 33, 77]	5
1/3	2,561,328	[4, 14, 21, 22, 99]	5
1/3	2,561,328	[4, 18, 21, 22, 77]	5
1/3	2,574,000	[4, 18, 25, 26, 55]	5
1/3	2,577,960	[7, 9, 11, 24, 155]	5
1/3	2,593,080	[5, 9, 21, 49, 56]	5
1/3	2,600,640	[7, 8, 10, 43, 108]	5
1/3	2,611,440	[6, 8, 13, 31, 135]	5
1/3	2,636,400	[4, 10, 26, 39, 65]	5
1/3	2,646,000	[4, 10, 35, 42, 45]	5
1/3	2,646,000	[4, 14, 25, 30, 63]	5
1/3	2,646,000	[4, 14, 25, 35, 54]	5
1/3	2,656,080	[4, 18, 31, 34, 35]	5
1/3	2,661,120	[5, 11, 18, 48, 56]	5
1/3	2,676,960	[6, 8, 11, 39, 130]	5
1/3	2,683,800	[6, 7, 20, 45, 71]	5
1/3	2,708,640	[5, 9, 24, 33, 76]	5
1/3	2,708,640	[5, 9, 24, 44, 57]	5
1/3	2,708,640	[5, 11, 18, 48, 57]	5
1/3	2,712,528	[4, 18, 21, 39, 46]	5
1/3	2,728,320	[5, 8, 28, 42, 58]	5
1/3	2,730,672	[4, 14, 18, 43, 63]	5
1/3	2,730,672	[4, 14, 21, 43, 54]	5
1/3	2,735,040	[5, 14, 16, 22, 111]	5
1/3	2,744,280	[4, 21, 22, 33, 45]	5
1/3	2,744,280	[5, 9, 21, 44, 66]	5
1/3	2,751,840	[5, 13, 14, 48, 63]	5
1/3	2,782,080	[5, 8, 28, 36, 69]	5
1/3	2,793,120	[4, 10, 22, 46, 69]	5
1/3	2,812,320	[5, 9, 31, 42, 48]	5
1/3	2,827,440	[6, 8, 11, 63, 85]	5
1/3	2,833,920	[5, 9, 32, 41, 48]	5
1/3	2,835,000	[4, 21, 25, 30, 45]	5
1/3	2,835,000	[4, 25, 27, 30, 35]	5
1/3	2,845,920	[4, 10, 22, 42, 77]	5
1/3	2,853,840	[4, 22, 23, 30, 47]	5
1/3	2,853,840	[5, 11, 23, 47, 48]	5
1/3	2,860,704	[4, 14, 18, 33, 86]	5
1/3	2,862,720	[5, 8, 28, 36, 71]	5
1/3	2,862,720	[7, 9, 10, 64, 71]	5
1/3	2,882,880	[7, 8, 11, 36, 130]	5
1/3	2,914,560	[5, 11, 23, 32, 72]	5
1/3	2,914,560	[5, 11, 23, 36, 64]	5
1/3	2,920,320	[5, 8, 36, 39, 52]	5
1/3	2,920,320	[5, 9, 26, 39, 64]	5
1/3	2,920,320	[5, 9, 32, 39, 52]	5
1/3	2,946,240	[5, 11, 18, 48, 62]	5
1/3	2,954,880	[5, 8, 36, 38, 54]	5
1/3	2,963,520	[5, 9, 24, 49, 56]	5
1/3	2,970,000	[6, 8, 11, 45, 125]	5
1/3	2,979,504	[4, 19, 22, 33, 54]	5
1/3	2,981,160	[4, 14, 21, 39, 65]	5
1/3	2,988,216	[4, 14, 21, 33, 77]	5
1/3	2,993,760	[7, 8, 11, 36, 135]	5
1/3	2,993,760	[7, 8, 11, 54, 90]	5
1/3	2,999,568	[4, 22, 23, 38, 39]	5
1/3	3,005,640	[4, 22, 23, 33, 45]	5
1/3	3,020,976	[4, 14, 18, 27, 111]	5
1/3	3,032,400	[4, 10, 35, 38, 57]	5
1/3	3,042,000	[4, 10, 26, 45, 65]	5
1/3	3,078,504	[4, 23, 26, 33, 39]	5
1/3	3,084,480	[5, 9, 21, 48, 68]	5
1/3	3,084,480	[5, 9, 28, 48, 51]	5
1/3	3,119,040	[5, 8, 36, 38, 57]	5
1/3	3,119,040	[5, 9, 32, 38, 57]	5
1/3	3,139,224	[4, 22, 23, 33, 47]	5
1/3	3,160,080	[6, 8, 11, 45, 133]	5
1/3	3,175,200	[4, 10, 18, 42, 105]	5
1/3	3,175,200	[4, 15, 18, 42, 70]	5
1/3	3,183,840	[5, 11, 18, 48, 67]	5
1/3	3,215,520	[4, 14, 22, 29, 90]	5
1/3	3,220,560	[5, 9, 21, 48, 71]	5
1/3	3,243,240	[7, 8, 13, 33, 135]	5
1/3	3,245,760	[5, 8, 28, 42, 69]	5
1/3	3,250,800	[7, 8, 10, 43, 135]	5
1/3	3,255,840	[7, 8, 10, 34, 171]	5
1/3	3,267,000	[4, 18, 25, 33, 55]	5
1/3	3,268,944	[4, 14, 18, 47, 69]	5
1/3	3,268,944	[4, 18, 21, 46, 47]	5
1/3	3,277,260	[6, 7, 15, 34, 153]	5
1/3	3,281,040	[5, 9, 31, 42, 56]	5
1/3	3,288,600	[4, 21, 29, 30, 45]	5
1/3	3,293,136	[4, 18, 21, 22, 99]	5
1/3	3,294,720	[5, 11, 16, 52, 72]	5
1/3	3,326,400	[7, 8, 11, 50, 108]	5
1/3	3,339,840	[5, 8, 28, 42, 71]	5
1/3	3,386,880	[5, 9, 21, 56, 64]	5
1/3	3,386,880	[5, 9, 24, 49, 64]	5
1/3	3,390,660	[5, 9, 21, 39, 92]	5
1/3	3,400,320	[5, 11, 23, 32, 84]	5
1/3	3,402,000	[4, 14, 25, 45, 54]	5
1/3	3,407,040	[5, 12, 14, 39, 104]	5
1/3	3,421,440	[5, 11, 16, 54, 72]	5
1/3	3,425,760	[4, 10, 26, 54, 61]	5
1/3	3,437,280	[7, 8, 11, 36, 155]	5
1/3	3,437,280	[7, 9, 11, 32, 155]	5
1/3	3,439,800	[4, 14, 21, 45, 65]	5
1/3	3,439,800	[4, 18, 21, 35, 65]	5
1/3	3,456,432	[4, 14, 18, 27, 127]	5
1/3	3,470,040	[4, 18, 21, 27, 85]	5
1/3	3,492,720	[4, 14, 18, 33, 105]	5
1/3	3,492,720	[4, 14, 21, 33, 90]	5
1/3	3,507,840	[5, 8, 36, 42, 58]	5
1/3	3,515,400	[4, 27, 30, 31, 35]	5
1/3	3,548,160	[5, 11, 18, 56, 64]	5
1/3	3,569,280	[5, 11, 16, 52, 78]	5
1/3	3,572,100	[4, 21, 27, 35, 45]	5
1/3	3,575,880	[5, 9, 33, 43, 56]	5
1/3	3,575,880	[7, 9, 10, 33, 172]	5
1/3	3,577,392	[4, 14, 26, 27, 91]	5
1/3	3,598,560	[5, 9, 21, 56, 68]	5
1/3	3,606,768	[4, 18, 22, 23, 99]	5
1/3	3,630,000	[4, 10, 22, 55, 75]	5
1/3	3,630,000	[4, 10, 25, 55, 66]	5
1/3	3,630,000	[4, 15, 22, 50, 55]	5
1/3	3,650,400	[4, 10, 18, 65, 78]	5
1/3	3,704,400	[4, 10, 42, 45, 49]	5
1/3	3,706,560	[5, 11, 18, 39, 96]	5
1/3	3,706,560	[5, 13, 16, 33, 108]	5
1/3	3,714,984	[4, 14, 21, 39, 81]	5
1/3	3,714,984	[4, 14, 27, 39, 63]	5
1/3	3,749,760	[5, 9, 31, 48, 56]	5
1/3	3,757,320	[4, 14, 21, 45, 71]	5
1/3	3,757,320	[4, 18, 21, 35, 71]	5
1/3	3,757,320	[5, 9, 21, 56, 71]	5
1/3	3,764,640	[4, 10, 22, 46, 93]	5
1/3	3,764,640	[5, 11, 23, 32, 93]	5
1/3	3,795,000	[4, 23, 25, 30, 55]	5
1/3	3,810,240	[5, 8, 28, 54, 63]	5
1/3	3,813,768	[4, 14, 21, 47, 69]	5
1/3	3,818,880	[5, 8, 36, 39, 68]	5
1/3	3,818,880	[5, 9, 32, 39, 68]	5
1/3	3,818,880	[5, 9, 34, 39, 64]	5
1/3	3,825,360	[5, 11, 18, 56, 69]	5
1/3	3,841,992	[4, 18, 21, 33, 77]	5
1/3	3,853,200	[4, 10, 26, 39, 95]	5
1/3	3,853,200	[4, 10, 38, 39, 65]	5
1/3	3,861,000	[4, 18, 25, 39, 55]	5
1/3	3,878,280	[4, 14, 27, 45, 57]	5
1/3	3,900,960	[4, 10, 18, 42, 129]	5
1/3	3,900,960	[4, 15, 18, 42, 86]	5
1/3	3,900,960	[7, 8, 10, 43, 162]	5
1/3	3,920,400	[4, 10, 22, 45, 99]	5
1/3	3,928,320	[5, 11, 16, 62, 72]	5
1/3	3,928,320	[5, 11, 18, 62, 64]	5
1/3	3,951,360	[5, 9, 32, 49, 56]	5
1/3	3,954,600	[4, 15, 26, 39, 65]	5
1/3	3,969,000	[4, 10, 35, 45, 63]	5
1/3	3,969,000	[4, 14, 25, 45, 63]	5
1/3	3,969,000	[4, 21, 25, 35, 54]	5
1/3	3,984,120	[4, 18, 31, 35, 51]	5
1/3	3,991,680	[5, 11, 16, 63, 72]	5
1/3	4,010,160	[4, 14, 21, 22, 155]	5
1/3	4,015,440	[5, 11, 18, 39, 104]	5
1/3	4,021,920	[4, 10, 18, 42, 133]	5
1/3	4,051,080	[5, 9, 31, 33, 88]	5
1/3	4,057,200	[4, 10, 35, 42, 69]	5
1/3	4,057,200	[4, 15, 35, 42, 46]	5
1/3	4,062,960	[4, 19, 22, 30, 81]	5
1/3	4,062,960	[5, 11, 19, 48, 81]	5
1/3	4,088,448	[6, 7, 16, 52, 117]	5
1/3	4,096,008	[4, 14, 21, 43, 81]	5
1/3	4,096,008	[4, 14, 27, 43, 63]	5
1/3	4,150,440	[4, 21, 27, 30, 61]	5
1/3	4,151,520	[4, 10, 18, 62, 93]	5
1/3	4,174,800	[4, 10, 35, 42, 71]	5
1/3	4,181,760	[5, 9, 24, 32, 121]	5
1/3	4,207,896	[6, 7, 23, 44, 99]	5
1/3	4,245,120	[5, 11, 16, 67, 72]	5
1/3	4,245,120	[5, 11, 18, 64, 67]	5
1/3	4,268,160	[5, 8, 38, 52, 54]	5
1/3	4,280,760	[4, 23, 30, 33, 47]	5
1/3	4,291,056	[4, 18, 21, 22, 129]	5
1/3	4,294,080	[5, 8, 36, 42, 71]	5
1/3	4,294,080	[5, 9, 28, 48, 71]	5
1/3	4,309,200	[4, 10, 35, 54, 57]	5
1/3	4,309,200	[4, 15, 35, 38, 54]	5
1/3	4,324,320	[5, 13, 16, 33, 126]	5
1/3	4,324,320	[7, 8, 11, 54, 130]	5
1/3	4,347,000	[4, 10, 35, 45, 69]	5
1/3	4,374,000	[4, 10, 25, 54, 81]	5
1/3	4,380,480	[5, 8, 39, 52, 54]	5
1/3	4,410,000	[4, 10, 25, 42, 105]	5
1/3	4,410,000	[4, 15, 25, 42, 70]	5
1/3	4,440,480	[5, 11, 16, 58, 87]	5
1/3	4,445,280	[5, 8, 36, 49, 63]	5
1/3	4,469,256	[4, 19, 22, 33, 81]	5
1/3	4,473,000	[4, 10, 35, 45, 71]	5
1/3	4,490,640	[4, 21, 22, 27, 90]	5
1/3	4,490,640	[5, 11, 21, 27, 144]	5
1/3	4,499,352	[4, 23, 26, 33, 57]	5
1/3	4,520,880	[5, 9, 28, 52, 69]	5
1/3	4,531,464	[4, 18, 21, 37, 81]	5
1/3	4,548,600	[4, 15, 35, 38, 57]	5
1/3	4,551,120	[4, 10, 42, 43, 63]	5
1/3	4,553,280	[5, 8, 36, 51, 62]	5
1/3	4,563,000	[4, 10, 39, 45, 65]	5
1/3	4,577,760	[6, 8, 11, 34, 255]	5
1/3	4,656,960	[5, 11, 16, 63, 84]	5
1/3	4,678,560	[5, 8, 38, 54, 57]	5
1/3	4,684,680	[7, 8, 11, 65, 117]	5
1/3	4,699,728	[4, 18, 22, 23, 129]	5
1/3	4,699,728	[4, 18, 23, 33, 86]	5
1/3	4,762,800	[4, 10, 18, 63, 105]	5
1/3	4,762,800	[4, 15, 18, 63, 70]	5
1/3	4,762,800	[6, 9, 14, 15, 20, 21]	6
1/3	4,785,480	[6, 7, 20, 27, 211]	5
1/3	4,791,600	[4, 10, 22, 45, 121]	5
1/3	4,823,280	[7, 9, 11, 29, 240]	5
1/3	4,868,640	[5, 8, 28, 63, 69]	5
1/3	4,876,200	[6, 7, 20, 43, 135]	5
1/3	4,900,500	[4, 25, 27, 33, 55]	5
1/3	4,914,000	[7, 8, 10, 25, 351]	5
1/3	4,918,320	[4, 22, 23, 27, 90]	5
1/3	4,918,320	[5, 11, 23, 27, 144]	5
1/3	4,939,704	[4, 21, 22, 27, 99]	5
1/3	4,942,080	[5, 11, 16, 52, 108]	5
1/3	4,942,080	[5, 11, 16, 54, 104]	5
1/3	4,942,080	[8, 10, 12, 13, 18, 22]	6
1/3	4,959,360	[5, 9, 32, 41, 84]	5
1/3	4,959,360	[7, 9, 10, 41, 192]	5
1/3	4,989,600	[7, 8, 11, 50, 162]	5
1/3	4,989,600	[10, 11, 12, 14, 15, 18]	6
1/3	4,992,624	[4, 14, 26, 27, 127]	5
1/3	4,998,672	[4, 19, 27, 42, 58]	5
1/3	4,999,680	[5, 9, 31, 56, 64]	5
1/3	5,009,760	[5, 8, 28, 63, 71]	5
1/3	5,064,048	[4, 18, 22, 23, 139]	5
1/3	5,080,320	[9, 10, 12, 14, 16, 21]	6
1/3	5,082,000	[4, 15, 22, 50, 77]	5
1/3	5,088,960	[5, 8, 36, 38, 93]	5
1/3	5,100,480	[5, 11, 23, 28, 144]	5
1/3	5,100,480	[5, 14, 16, 23, 198]	5
1/3	5,110,560	[5, 8, 36, 39, 91]	5
1/3	5,110,560	[5, 8, 39, 52, 63]	5
1/3	5,130,216	[4, 21, 29, 39, 54]	5
1/3	5,155,920	[4, 14, 18, 33, 155]	5
1/3	5,155,920	[4, 18, 21, 22, 155]	5
1/3	5,155,920	[7, 8, 11, 54, 155]	5
1/3	5,159,700	[4, 21, 27, 35, 65]	5
1/3	5,201,280	[5, 8, 28, 43, 108]	5
1/3	5,216,640	[5, 11, 16, 76, 78]	5
1/3	5,239,080	[4, 14, 21, 33, 135]	5
1/3	5,239,080	[9, 11, 12, 14, 15, 21]	6
1/3	5,250,960	[5, 11, 18, 39, 136]	5
1/3	5,261,760	[5, 8, 42, 54, 58]	5
1/3	5,313,360	[4, 10, 26, 39, 131]	5
1/3	5,353,920	[5, 8, 33, 52, 78]	5
1/3	5,353,920	[5, 11, 16, 52, 117]	5
1/3	5,363,820	[5, 9, 21, 44, 129]	5
1/3	5,372,400	[4, 10, 22, 55, 111]	5
1/3	5,405,400	[7, 8, 11, 65, 135]	5
1/3	5,410,152	[4, 22, 23, 27, 99]	5
1/3	5,433,120	[5, 8, 28, 49, 99]	5
1/3	5,445,000	[4, 10, 25, 55, 99]	5
1/3	5,445,000	[4, 10, 33, 55, 75]	5
1/3	5,445,000	[4, 15, 25, 55, 66]	5
1/3	5,445,000	[4, 15, 33, 50, 55]	5
1/3	5,456,880	[6, 8, 11, 53, 195]	5
1/3	5,458,320	[5, 8, 38, 57, 63]	5
1/3	5,459,520	[5, 8, 33, 44, 94]	5
1/3	5,462,100	[7, 9, 10, 34, 255]	5
1/3	5,475,600	[4, 10, 18, 65, 117]	5
1/3	5,475,600	[4, 15, 18, 65, 78]	5
1/3	5,488,560	[4, 10, 22, 63, 99]	5
1/3	5,490,720	[4, 10, 18, 82, 93]	5
1/3	5,490,720	[5, 9, 32, 41, 93]	5
1/3	5,556,600	[4, 10, 45, 49, 63]	5
1/3	5,571,720	[7, 8, 11, 67, 135]	5
1/3	5,588,352	[8, 9, 12, 14, 21, 22]	6
1/3	5,631,600	[4, 10, 38, 39, 95]	5
1/3	5,635,980	[4, 21, 27, 35, 71]	5
1/3	5,656,392	[4, 21, 27, 43, 58]	5
1/3	5,692,500	[4, 23, 25, 45, 55]	5
1/3	5,702,400	[9, 11, 12, 15, 16, 20]	6
1/3	5,725,440	[5, 9, 28, 64, 71]	5
1/3	5,744,640	[5, 11, 17, 48, 128]	5
1/3	5,762,988	[4, 21, 27, 33, 77]	5
1/3	5,779,800	[4, 15, 26, 39, 95]	5
1/3	5,779,800	[4, 15, 26, 57, 65]	5
1/3	5,791,500	[4, 25, 27, 39, 55]	5
1/3	5,821,200	[10, 11, 12, 14, 15, 21]	6
1/3	5,837,040	[4, 10, 22, 67, 99]	5
1/3	5,851,440	[4, 10, 43, 54, 63]	5
1/3	5,892,480	[5, 11, 16, 62, 108]	5
1/3	5,916,456	[4, 14, 27, 43, 91]	5
1/3	5,920,992	[6, 7, 16, 89, 99]	5
1/3	5,953,500	[4, 21, 25, 35, 81]	5
1/3	5,953,500	[6, 9, 10, 15, 21, 35]	6
1/3	5,967,000	[4, 10, 39, 45, 85]	5
1/3	5,967,120	[5, 8, 46, 47, 69]	5
1/3	5,976,180	[4, 27, 31, 35, 51]	5
1/3	5,987,520	[5, 11, 16, 54, 126]	5
1/3	5,987,520	[5, 11, 16, 63, 108]	5
1/3	5,987,520	[5, 11, 21, 27, 192]	5
1/3	5,994,000	[4, 10, 25, 54, 111]	5
1/3	5,994,000	[4, 15, 25, 54, 74]	5
1/3	6,011,280	[5, 9, 23, 66, 88]	5
1/3	6,015,240	[4, 14, 21, 33, 155]	5
1/3	6,032,880	[4, 15, 18, 42, 133]	5
1/3	6,048,000	[8, 9, 12, 14, 20, 25]	6
1/3	6,068,160	[5, 8, 28, 43, 126]	5
1/3	6,085,800	[4, 10, 35, 63, 69]	5
1/3	6,103,680	[5, 11, 16, 51, 136]	5
1/3	6,105,000	[4, 10, 25, 55, 111]	5
1/3	6,105,000	[4, 15, 25, 55, 74]	5
1/3	6,123,600	[4, 10, 18, 63, 135]	5
1/3	6,209,280	[10, 11, 12, 14, 16, 21]	6
1/3	6,227,280	[4, 15, 18, 62, 93]	5
1/3	6,248,088	[4, 14, 23, 49, 99]	5
1/3	6,256,320	[5, 8, 28, 38, 147]	5
1/3	6,262,200	[4, 10, 35, 63, 71]	5
1/3	6,262,200	[4, 15, 35, 42, 71]	5
1/3	6,284,520	[4, 15, 33, 46, 69]	5
1/3	6,318,000	[4, 10, 18, 65, 135]	5
1/3	6,318,000	[4, 10, 25, 78, 81]	5
1/3	6,320,160	[4, 10, 18, 77, 114]	5
1/3	6,350,400	[8, 9, 14, 15, 20, 21]	6
1/3	6,367,680	[5, 11, 16, 67, 108]	5
1/3	6,375,600	[4, 14, 23, 30, 165]	5
1/3	6,375,600	[4, 14, 23, 55, 90]	5
1/3	6,375,600	[4, 21, 23, 30, 110]	5
1/3	6,388,200	[4, 10, 39, 45, 91]	5
1/3	6,388,200	[4, 10, 39, 63, 65]	5
1/3	6,403,320	[4, 15, 33, 42, 77]	5
1/3	6,421,140	[4, 23, 33, 45, 47]	5
1/3	6,431,040	[7, 9, 11, 29, 320]	5
1/3	6,441,120	[5, 8, 42, 54, 71]	5
1/3	6,462,720	[5, 11, 17, 54, 128]	5
1/3	6,498,000	[4, 10, 25, 38, 171]	5
1/3	6,557,760	[5, 9, 23, 48, 132]	5
1/3	6,557,760	[5, 11, 23, 27, 192]	5
1/3	6,584,160	[5, 11, 16, 86, 87]	5
1/3	6,612,480	[7, 9, 10, 41, 256]	5
1/3	6,615,000	[4, 10, 25, 45, 147]	5
1/3	6,615,000	[4, 10, 25, 63, 105]	5
1/3	6,615,000	[4, 15, 25, 63, 70]	5
1/3	6,652,800	[10, 11, 14, 15, 16, 18]	6
1/3	6,654,960	[4, 10, 39, 54, 79]	5
1/3	6,654,960	[4, 15, 26, 54, 79]	5
1/3	6,661,200	[4, 10, 26, 35, 183]	5
1/3	6,667,920	[4, 10, 18, 63, 147]	5
1/3	6,667,920	[5, 8, 49, 54, 63]	5
1/3	6,692,400	[4, 10, 33, 65, 78]	5
1/3	6,692,400	[4, 15, 22, 65, 78]	5
1/3	6,718,320	[4, 10, 43, 62, 63]	5
1/3	6,739,200	[8, 9, 12, 13, 20, 30]	6
1/3	6,739,200	[9, 10, 13, 15, 16, 24]	6
1/3	6,762,000	[4, 10, 25, 42, 161]	5
1/3	6,791,400	[4, 10, 35, 49, 99]	5
1/3	6,795,000	[4, 10, 25, 45, 151]	5
1/3	6,829,920	[5, 8, 51, 54, 62]	5
1/3	6,840,288	[4, 13, 42, 54, 58]	5
1/3	6,874,560	[5, 11, 16, 62, 126]	5
1/3	6,874,560	[5, 11, 16, 63, 124]	5
1/3	6,894,720	[8, 10, 12, 14, 19, 27]	6
1/3	6,922,080	[5, 8, 46, 57, 66]	5
1/3	6,963,840	[5, 8, 31, 52, 108]	5
1/3	6,982,800	[4, 15, 22, 46, 115]	5
1/3	6,985,440	[9, 11, 12, 14, 20, 21]	6
1/3	7,030,800	[4, 10, 18, 63, 155]	5
1/3	7,030,800	[9, 10, 12, 14, 15, 31]	6
1/3	7,104,240	[4, 22, 23, 27, 130]	5
1/3	7,104,240	[5, 11, 23, 27, 208]	5
1/3	7,128,000	[9, 11, 12, 15, 16, 25]	6
1/3	7,144,200	[4, 15, 27, 63, 70]	5
1/3	7,151,760	[5, 9, 28, 33, 172]	5
1/3	7,182,000	[4, 10, 25, 42, 171]	5
1/3	7,234,920	[4, 21, 29, 33, 90]	5
1/3	7,234,920	[5, 11, 21, 27, 232]	5
1/3	7,257,600	[7, 8, 12, 18, 20, 30]	6
1/3	7,257,600	[7, 12, 15, 16, 18, 20]	6
1/3	7,286,400	[8, 11, 12, 15, 20, 23]	6
1/3	7,286,400	[10, 11, 12, 15, 16, 23]	6
1/3	7,356,960	[5, 8, 36, 39, 131]	5
1/3	7,366,464	[8, 9, 12, 14, 21, 29]	6
1/3	7,413,120	[8, 11, 12, 13, 18, 30]	6
1/3	7,428,960	[5, 11, 16, 67, 126]	5
1/3	7,429,968	[4, 13, 42, 54, 63]	5
1/3	7,438,200	[4, 14, 23, 55, 105]	5
1/3	7,438,200	[4, 21, 23, 55, 70]	5
1/3	7,439,040	[5, 9, 21, 41, 192]	5
1/3	7,448,760	[4, 19, 27, 55, 66]	5
1/3	7,455,000	[4, 10, 25, 71, 105]	5
1/3	7,455,000	[4, 15, 25, 70, 71]	5
1/3	7,484,400	[9, 10, 11, 15, 21, 24]	6
1/3	7,502,880	[5, 11, 21, 29, 224]	5
1/3	7,510,320	[4, 19, 27, 30, 122]	5
1/3	7,560,000	[6, 7, 16, 50, 225]	5
1/3	7,585,200	[4, 10, 35, 43, 126]	5
1/3	7,596,072	[4, 18, 23, 33, 139]	5
1/3	7,623,000	[4, 10, 33, 75, 77]	5
1/3	7,633,440	[5, 8, 38, 54, 93]	5
1/3	7,637,760	[5, 13, 17, 27, 256]	5
1/3	7,650,720	[5, 9, 23, 84, 88]	5
1/3	7,650,720	[10, 11, 12, 14, 18, 23]	6
1/3	7,665,840	[4, 10, 18, 91, 117]	5
1/3	7,665,840	[5, 8, 39, 54, 91]	5
1/3	7,695,000	[4, 19, 25, 30, 135]	5
1/3	7,695,324	[4, 21, 29, 39, 81]	5
1/3	7,700,400	[4, 10, 18, 93, 115]	5
1/3	7,700,400	[4, 15, 18, 62, 115]	5
1/3	7,707,960	[4, 15, 39, 54, 61]	5
1/3	7,761,600	[8, 11, 14, 15, 20, 21]	6
1/3	7,765,680	[4, 10, 38, 39, 131]	5
1/3	7,797,600	[4, 10, 18, 38, 285]	5
1/3	7,801,920	[5, 8, 42, 43, 108]	5
1/3	7,814,664	[4, 22, 23, 27, 143]	5
1/3	7,824,960	[5, 8, 33, 52, 114]	5
1/3	7,892,640	[4, 10, 29, 54, 126]	5
1/3	7,909,200	[4, 10, 18, 65, 169]	5
1/3	7,923,960	[5, 9, 23, 87, 88]	5
1/3	7,949,760	[5, 8, 28, 39, 182]	5
1/3	7,970,040	[4, 15, 26, 39, 131]	5
1/3	8,013,600	[6, 7, 16, 45, 265]	5
1/3	8,030,880	[5, 8, 33, 52, 117]	5
1/3	8,035,200	[6, 9, 15, 16, 20, 31]	6
1/3	8,058,600	[4, 15, 33, 55, 74]	5
1/3	8,102,160	[4, 10, 31, 66, 99]	5
1/3	8,125,920	[5, 11, 16, 54, 171]	5
1/3	8,127,000	[4, 10, 35, 43, 135]	5
1/3	8,127,000	[4, 10, 43, 63, 75]	5
1/3	8,149,680	[6, 8, 11, 49, 315]	5
1/3	8,154,000	[4, 10, 18, 75, 151]	5
1/3	8,154,000	[4, 15, 18, 50, 151]	5
1/3	8,167,500	[4, 15, 25, 55, 99]	5
1/3	8,173,440	[5, 8, 33, 36, 172]	5
1/3	8,197,200	[9, 11, 12, 15, 20, 23]	6
1/3	8,213,400	[4, 15, 18, 65, 117]	5
1/3	8,225,280	[7, 9, 10, 34, 384]	5
1/3	8,230,320	[5, 8, 42, 69, 71]	5
1/3	8,236,080	[4, 15, 18, 62, 123]	5
1/3	8,255,520	[5, 13, 14, 21, 432]	5
1/3	8,379,360	[5, 8, 33, 69, 92]	5
1/3	8,392,560	[4, 10, 22, 51, 187]	5
1/3	8,447,400	[4, 15, 26, 57, 95]	5
1/3	8,467,200	[6, 10, 15, 16, 21, 28]	6
1/3	8,467,200	[8, 9, 10, 12, 28, 35]	6
1/3	8,470,440	[4, 15, 33, 62, 69]	5
1/3	8,497,440	[6, 7, 16, 45, 281]	5
1/3	8,500,800	[10, 11, 14, 15, 16, 23]	6
1/3	8,505,000	[4, 10, 25, 63, 135]	5
1/3	8,520,120	[4, 10, 49, 63, 69]	5
1/3	8,520,120	[5, 8, 49, 63, 69]	5
1/3	8,553,600	[8, 10, 11, 12, 18, 45]	6
1/3	8,561,520	[5, 8, 47, 66, 69]	5
1/3	8,564,400	[4, 10, 18, 65, 183]	5
1/3	8,564,400	[4, 15, 18, 65, 122]	5
1/3	8,577,360	[5, 9, 22, 57, 152]	5
1/3	8,623,440	[5, 8, 42, 59, 87]	5
1/3	8,648,640	[5, 11, 16, 54, 182]	5
1/3	8,670,000	[4, 10, 25, 34, 255]	5
1/3	8,678,880	[5, 9, 21, 41, 224]	5
1/3	8,714,160	[5, 8, 38, 63, 91]	5
1/3	8,731,800	[9, 10, 11, 15, 21, 28]	6
1/3	8,743,680	[5, 9, 23, 48, 176]	5
1/3	8,743,680	[9, 10, 12, 16, 22, 23]	6
1/3	8,743,680	[9, 11, 12, 16, 20, 23]	6
1/3	8,767,080	[4, 10, 49, 63, 71]	5
1/3	8,767,080	[5, 8, 49, 63, 71]	5
1/3	8,803,080	[4, 19, 26, 33, 135]	5
1/3	8,845,200	[4, 10, 18, 91, 135]	5
1/3	8,910,000	[4, 10, 18, 55, 225]	5
1/3	8,943,480	[4, 10, 39, 63, 91]	5
1/3	8,943,480	[5, 8, 39, 63, 91]	5
1/3	9,034,080	[5, 11, 16, 59, 174]	5
1/3	9,039,600	[4, 10, 31, 54, 135]	5
1/3	9,041,760	[4, 10, 18, 69, 182]	5
1/3	9,049,320	[4, 15, 18, 63, 133]	5
1/3	9,060,480	[5, 8, 26, 44, 198]	5
1/3	9,061,920	[4, 10, 29, 62, 126]	5
1/3	9,072,000	[7, 12, 15, 16, 18, 25]	6
1/3	9,102,240	[5, 8, 28, 43, 189]	5
1/3	9,196,200	[4, 10, 39, 45, 131]	5
1/3	9,240,000	[8, 11, 14, 15, 20, 25]	6
1/3	9,261,000	[6, 10, 14, 15, 21, 35]	6
1/3	9,313,920	[9, 11, 14, 16, 20, 21]	6
1/3	9,340,920	[4, 15, 27, 62, 93]	5
1/3	9,374,400	[9, 10, 14, 15, 16, 31]	6
1/3	9,393,300	[4, 15, 35, 63, 71]	5
1/3	9,427,320	[4, 15, 43, 58, 63]	5
1/3	9,434,880	[8, 10, 12, 13, 14, 54]	6
1/3	9,456,480	[5, 11, 16, 54, 199]	5
1/3	9,472,320	[5, 8, 39, 46, 132]	5
1/3	9,472,320	[5, 11, 23, 26, 288]	5
1/3	9,480,240	[4, 15, 18, 77, 114]	5
1/3	9,525,600	[6, 9, 10, 15, 21, 56]	6
1/3	9,535,320	[4, 15, 18, 81, 109]	5
1/3	9,563,400	[4, 21, 23, 55, 90]	5
1/3	9,570,960	[4, 10, 18, 63, 211]	5
1/3	9,574,740	[7, 9, 10, 34, 447]	5
1/3	9,593,640	[4, 15, 27, 63, 94]	5
1/3	9,604,980	[4, 15, 33, 63, 77]	5
1/3	9,622,800	[4, 10, 18, 55, 243]	5
1/3	9,646,560	[5, 11, 21, 29, 288]	5
1/3	9,694,080	[9, 11, 12, 15, 17, 32]	6
1/3	9,757,440	[6, 8, 14, 20, 22, 33]	6
1/3	9,757,440	[6, 10, 14, 16, 22, 33]	6
1/3	9,765,000	[4, 10, 25, 63, 155]	5
1/3	9,767,520	[4, 10, 18, 38, 357]	5
1/3	9,775,920	[4, 15, 22, 46, 161]	5
1/3	9,815,520	[4, 10, 22, 26, 429]	5
1/3	9,843,120	[4, 14, 18, 31, 315]	5
1/3	9,843,120	[4, 14, 21, 31, 270]	5
1/3	9,856,080	[4, 10, 27, 78, 117]	5
1/3	9,878,400	[6, 8, 14, 20, 21, 35]	6
1/3	9,878,400	[6, 10, 14, 16, 21, 35]	6
1/3	9,884,160	[10, 11, 12, 13, 18, 32]	6
1/3	9,918,720	[5, 9, 28, 41, 192]	5
1/3	9,937,200	[4, 10, 35, 39, 182]	5
1/3	9,979,200	[9, 10, 11, 15, 24, 28]	6
1/3	9,991,800	[4, 15, 35, 39, 122]	5
1/3	10,038,600	[4, 10, 33, 65, 117]	5
1/3	10,044,000	[6, 9, 15, 16, 25, 31]	6
1/3	10,143,000	[4, 15, 25, 42, 161]	5
1/3	10,193,040	[4, 13, 30, 66, 99]	5
1/3	10,200,960	[8, 11, 14, 18, 20, 23]	6
1/3	10,200,960	[10, 11, 12, 16, 21, 23]	6
1/3	10,200,960	[10, 11, 14, 16, 18, 23]	6
1/3	10,260,432	[4, 13, 42, 54, 87]	5
1/3	10,277,280	[4, 13, 30, 54, 122]	5
1/3	10,283,760	[4, 15, 18, 46, 207]	5
1/3	10,402,560	[9, 10, 12, 14, 16, 43]	6
1/3	10,445,760	[5, 8, 31, 78, 108]	5
1/3	10,454,400	[6, 8, 15, 20, 22, 33]	6
1/3	10,454,400	[6, 10, 15, 16, 22, 33]	6
1/3	10,474,200	[4, 10, 33, 69, 115]	5
1/3	10,478,160	[5, 11, 14, 63, 216]	5
1/3	10,523,520	[5, 8, 27, 84, 116]	5
1/3	10,584,000	[6, 8, 15, 20, 21, 35]	6
1/3	10,584,000	[8, 9, 10, 15, 28, 35]	6
1/3	10,594,584	[4, 13, 42, 63, 77]	5
1/3	10,644,480	[5, 11, 14, 96, 144]	5
1/3	10,681,440	[5, 11, 16, 51, 238]	5
1/3	10,707,840	[8, 10, 11, 12, 26, 39]	6
1/3	10,773,000	[4, 19, 27, 30, 175]	5
1/3	10,802,880	[5, 8, 31, 44, 198]	5
1/3	10,834,560	[8, 10, 11, 12, 18, 57]	6
1/3	10,834,560	[10, 11, 12, 16, 19, 27]	6
1/3	10,847,520	[5, 8, 31, 81, 108]	5
1/3	10,852,380	[4, 21, 29, 33, 135]	5
1/3	10,859,184	[4, 14, 19, 54, 189]	5
1/3	10,859,184	[4, 14, 19, 63, 162]	5
1/3	10,881,000	[4, 10, 31, 65, 135]	5
1/3	10,886,400	[7, 8, 12, 18, 20, 45]	6
1/3	10,886,400	[7, 12, 15, 16, 20, 27]	6
1/3	10,929,600	[8, 11, 15, 18, 20, 23]	6
1/3	10,929,600	[9, 11, 15, 16, 20, 23]	6
1/3	10,967,040	[7, 9, 10, 34, 512]	5
1/3	11,035,440	[5, 8, 39, 54, 131]	5
1/3	11,091,600	[4, 10, 18, 79, 195]	5
1/3	11,091,600	[4, 15, 18, 79, 130]	5
1/3	11,113,200	[6, 9, 10, 21, 28, 35]	6
1/3	11,119,680	[8, 11, 12, 13, 18, 45]	6
1/3	11,144,952	[4, 13, 42, 63, 81]	5
1/3	11,226,600	[4, 14, 27, 33, 225]	5
1/3	11,232,000	[6, 9, 16, 20, 25, 26]	6
1/3	11,262,240	[5, 9, 22, 48, 237]	5
1/3	11,316,240	[5, 8, 31, 78, 117]	5
1/3	11,372,400	[4, 13, 30, 54, 135]	5
1/3	11,377,800	[4, 10, 35, 43, 189]	5
1/3	11,377,800	[4, 15, 35, 43, 126]	5
1/3	11,394,108	[4, 23, 27, 33, 139]	5
1/3	11,400,480	[4, 10, 29, 54, 182]	5
1/3	11,400,480	[4, 13, 30, 58, 126]	5
1/3	11,415,360	[6, 8, 11, 47, 460]	5
1/3	11,442,816	[8, 9, 12, 14, 22, 43]	6
1/3	11,450,160	[4, 10, 31, 54, 171]	5
1/3	11,561,940	[4, 15, 39, 61, 81]	5
1/3	11,618,880	[5, 8, 28, 39, 266]	5
1/3	11,648,520	[4, 15, 26, 57, 131]	5
1/3	11,658,240	[5, 9, 23, 64, 176]	5
1/3	11,692,800	[6, 8, 15, 20, 28, 29]	6
1/3	11,695,320	[4, 10, 39, 63, 119]	5
1/3	11,695,320	[5, 8, 39, 63, 119]	5
1/3	11,696,400	[4, 15, 18, 57, 190]	5
1/3	11,702,880	[5, 8, 42, 43, 162]	5
1/3	11,757,960	[4, 19, 27, 30, 191]	5
1/3	11,793,600	[9, 10, 13, 15, 16, 42]	6
1/3	11,807,280	[4, 10, 31, 46, 207]	5
1/3	11,838,960	[4, 15, 29, 54, 126]	5
1/3	11,854,080	[8, 9, 10, 12, 28, 49]	6
1/3	11,863,800	[4, 15, 18, 65, 169]	5
1/3	11,924,640	[5, 8, 39, 42, 182]	5
1/3	11,970,504	[4, 13, 42, 63, 87]	5
1/3	11,975,040	[5, 11, 14, 108, 144]	5
1/3	11,986,128	[4, 14, 23, 47, 198]	5
1/3	12,030,480	[4, 10, 31, 98, 99]	5
1/3	12,065,760	[8, 9, 14, 15, 21, 38]	6
1/3	12,077,100	[6, 9, 10, 15, 21, 71]	6
1/3	12,231,000	[4, 15, 27, 50, 151]	5
1/3	12,236,400	[4, 10, 18, 55, 309]	5
1/3	12,236,400	[4, 15, 18, 55, 206]	5
1/3	12,240,000	[6, 8, 15, 20, 25, 34]	6
1/3	12,253,680	[4, 10, 31, 54, 183]	5
1/3	12,253,680	[4, 15, 31, 54, 122]	5
1/3	12,265,344	[6, 9, 14, 16, 26, 39]	6
1/3	12,285,000	[4, 10, 25, 35, 351]	5
1/3	12,320,100	[4, 15, 27, 65, 117]	5
1/3	12,342,000	[4, 10, 22, 51, 275]	5
1/3	12,355,200	[8, 10, 11, 15, 26, 36]	6
1/3	12,484,368	[4, 18, 19, 26, 351]	5
1/3	12,521,520	[4, 10, 31, 54, 187]	5
1/3	12,579,840	[9, 10, 12, 13, 28, 32]	6
1/3	12,588,840	[4, 15, 33, 34, 187]	5
1/3	12,626,640	[5, 8, 39, 57, 142]	5
1/3	12,700,800	[6, 8, 14, 20, 21, 45]	6
1/3	12,700,800	[6, 10, 14, 16, 21, 45]	6
1/3	12,735,360	[8, 10, 11, 12, 18, 67]	6
1/3	12,751,200	[8, 11, 12, 15, 23, 35]	6
1/3	12,751,200	[8, 11, 15, 20, 21, 23]	6
1/3	12,771,000	[4, 10, 33, 45, 215]	5
1/3	12,830,400	[8, 10, 11, 12, 27, 45]	6
1/3	12,830,400	[8, 10, 11, 15, 27, 36]	6
1/3	12,874,680	[4, 10, 39, 63, 131]	5
1/3	12,874,680	[5, 8, 39, 63, 131]	5
1/3	12,888,720	[4, 10, 27, 102, 117]	5
1/3	12,925,440	[5, 11, 18, 34, 384]	5
1/3	12,936,000	[8, 10, 11, 21, 25, 28]	6
1/3	12,964,536	[4, 13, 54, 57, 81]	5
1/3	13,005,000	[4, 15, 25, 51, 170]	5
1/3	13,097,700	[6, 9, 11, 15, 21, 70]	6
1/3	13,107,600	[4, 10, 18, 55, 331]	5
1/3	13,110,240	[4, 10, 22, 26, 573]	5
1/3	13,210,560	[5, 8, 33, 36, 278]	5
1/3	13,224,960	[5, 9, 28, 41, 256]	5
1/3	13,305,600	[9, 10, 11, 15, 28, 32]	6
1/3	13,309,272	[4, 19, 27, 47, 138]	5
1/3	13,384,800	[8, 10, 11, 15, 26, 39]	6
1/3	13,464,000	[8, 10, 11, 12, 25, 51]	6
1/3	13,478,400	[6, 9, 13, 15, 32, 40]	6
1/3	13,487,760	[5, 8, 33, 78, 131]	5
1/3	13,503,600	[4, 10, 31, 55, 198]	5
1/3	13,543,200	[8, 11, 15, 19, 20, 27]	6
1/3	13,559,400	[4, 10, 31, 81, 135]	5
1/3	13,562,640	[4, 15, 18, 46, 273]	5
1/3	13,573,980	[4, 15, 27, 63, 133]	5
1/3	13,592,880	[4, 10, 31, 87, 126]	5
1/3	13,592,880	[4, 15, 31, 58, 126]	5
1/3	13,608,000	[7, 12, 15, 16, 25, 27]	6
1/3	13,662,000	[9, 11, 15, 16, 23, 25]	6
1/3	13,721,400	[7, 10, 15, 18, 22, 33]	6
1/3	13,844,160	[8, 11, 12, 15, 23, 38]	6
1/3	13,891,500	[6, 9, 10, 15, 35, 49]	6
1/3	13,970,880	[9, 10, 11, 21, 24, 28]	6
1/3	13,983,816	[4, 14, 23, 47, 231]	5
1/3	13,983,816	[4, 21, 23, 47, 154]	5
1/3	14,002,560	[8, 10, 11, 12, 34, 39]	6
1/3	14,035,680	[5, 8, 27, 76, 171]	5
1/3	14,054,040	[4, 10, 33, 91, 117]	5
1/3	14,054,040	[5, 8, 33, 91, 117]	5
1/3	14,192,640	[5, 11, 14, 128, 144]	5
1/3	14,208,480	[5, 8, 39, 46, 198]	5
1/3	14,220,360	[4, 15, 18, 77, 171]	5
1/3	14,229,000	[4, 10, 31, 75, 153]	5
1/3	14,345,100	[4, 21, 23, 55, 135]	5
1/3	14,385,600	[6, 8, 15, 20, 27, 37]	6
1/3	14,385,600	[6, 10, 15, 16, 27, 37]	6
1/3	14,405,040	[4, 13, 30, 54, 171]	5
1/3	14,405,040	[4, 13, 45, 54, 114]	5
1/3	14,432,880	[5, 8, 33, 71, 154]	5
1/3	14,446,080	[5, 11, 19, 32, 432]	5
1/3	14,515,200	[7, 9, 16, 20, 24, 30]	6
1/3	14,523,600	[4, 10, 35, 39, 266]	5
1/3	14,553,000	[6, 11, 15, 20, 21, 35]	6
1/3	14,616,000	[6, 10, 15, 16, 29, 35]	6
1/3	14,616,000	[6, 10, 16, 21, 25, 29]	6
1/3	14,651,280	[4, 15, 18, 57, 238]	5
1/3	14,663,880	[4, 10, 33, 69, 161]	5
1/3	14,663,880	[5, 8, 33, 69, 161]	5
1/3	14,742,000	[6, 9, 13, 15, 35, 40]	6
1/3	14,754,960	[4, 15, 27, 46, 198]	5
1/3	14,764,680	[4, 14, 21, 31, 405]	5
1/3	14,764,680	[6, 10, 14, 21, 27, 31]	6
1/3	14,817,600	[8, 9, 10, 21, 28, 35]	6
1/3	14,905,800	[4, 15, 26, 35, 273]	5
1/3	14,938,560	[9, 13, 14, 15, 16, 38]	6
1/3	14,953,680	[5, 8, 42, 43, 207]	5
1/3	15,028,200	[6, 10, 15, 22, 23, 33]	6
1/3	15,079,680	[5, 11, 14, 136, 144]	5
1/3	15,079,680	[5, 11, 17, 42, 384]	5
1/3	15,135,120	[6, 11, 15, 21, 26, 28]	6
1/3	15,143,760	[4, 10, 27, 82, 171]	5
1/3	15,182,640	[4, 10, 27, 99, 142]	5
1/3	15,214,500	[4, 15, 25, 63, 161]	5
1/3	15,246,000	[4, 10, 22, 35, 495]	5
1/3	15,289,560	[4, 13, 45, 66, 99]	5
1/3	15,301,440	[5, 11, 14, 138, 144]	5
1/3	15,345,000	[4, 10, 31, 55, 225]	5
1/3	15,390,648	[4, 13, 54, 63, 87]	5
1/3	15,415,920	[4, 13, 30, 54, 183]	5
1/3	15,425,640	[4, 15, 27, 46, 207]	5
1/3	15,523,200	[8, 10, 11, 14, 35, 36]	6
1/3	15,558,480	[6, 9, 10, 21, 28, 49]	6
1/3	15,603,840	[8, 9, 10, 12, 42, 43]	6
1/3	15,668,640	[5, 8, 31, 78, 162]	5
1/3	15,668,640	[5, 8, 31, 81, 156]	5
1/3	15,724,800	[7, 8, 12, 18, 20, 65]	6
1/3	15,729,120	[5, 8, 33, 36, 331]	5
1/3	15,729,120	[5, 9, 22, 48, 331]	5
1/3	15,744,960	[5, 11, 14, 142, 144]	5
1/3	15,921,360	[7, 10, 12, 18, 27, 39]	6
1/3	15,928,920	[4, 10, 43, 49, 189]	5
1/3	15,928,920	[5, 8, 43, 49, 189]	5
1/3	15,966,720	[5, 11, 14, 96, 216]	5
1/3	15,966,720	[5, 11, 14, 108, 192]	5
1/3	15,966,720	[5, 11, 14, 128, 162]	5
1/3	16,005,600	[6, 9, 13, 15, 38, 40]	6
1/3	16,030,080	[6, 8, 20, 22, 23, 33]	6
1/3	16,030,080	[6, 10, 16, 22, 23, 33]	6
1/3	16,061,760	[8, 10, 11, 18, 26, 39]	6
1/3	16,102,800	[4, 10, 18, 71, 315]	5
1/3	16,204,320	[5, 8, 31, 44, 297]	5
1/3	16,288,776	[4, 14, 19, 63, 243]	5
1/3	16,288,776	[4, 14, 19, 81, 189]	5
1/3	16,329,600	[7, 8, 12, 20, 27, 45]	6
1/3	16,329,600	[7, 10, 15, 16, 27, 36]	6
1/3	16,369,920	[6, 10, 14, 21, 29, 32]	6
1/3	16,394,400	[6, 9, 16, 23, 25, 33]	6
1/3	16,394,400	[9, 10, 11, 15, 23, 48]	6
1/3	16,405,200	[4, 10, 31, 42, 315]	5
1/3	16,405,200	[6, 9, 14, 20, 31, 35]	6
1/3	16,443,000	[4, 10, 27, 105, 145]	5
1/3	16,465,680	[7, 9, 12, 22, 30, 33]	6
1/3	16,465,680	[7, 9, 15, 22, 24, 33]	6
1/3	16,511,040	[8, 9, 12, 13, 35, 42]	6
1/3	16,539,120	[5, 8, 31, 114, 117]	5
1/3	16,632,000	[8, 10, 11, 21, 25, 36]	6
1/3	16,632,000	[9, 11, 14, 16, 25, 30]	6
1/3	16,637,400	[4, 15, 27, 79, 130]	5
1/3	16,642,080	[5, 8, 39, 42, 254]	5
1/3	16,679,520	[8, 11, 12, 13, 27, 45]	6
1/3	16,848,000	[6, 9, 13, 15, 32, 50]	6
1/3	16,848,000	[6, 13, 16, 20, 25, 27]	6
1/3	16,937,760	[4, 10, 14, 142, 213]	5
1/3	16,964,640	[7, 11, 12, 18, 30, 34]	6
1/3	16,964,640	[9, 10, 11, 21, 24, 34]	6
1/3	17,007,120	[5, 8, 39, 46, 237]	5
1/3	17,058,600	[4, 13, 30, 81, 135]	5
1/3	17,066,700	[4, 15, 35, 43, 189]	5
1/3	17,075,520	[5, 8, 22, 84, 231]	5
1/3	17,100,720	[4, 13, 30, 87, 126]	5
1/3	17,123,040	[8, 11, 12, 15, 23, 47]	6
1/3	17,146,080	[4, 10, 14, 162, 189]	5
1/3	17,176,320	[7, 8, 12, 18, 20, 71]	6
1/3	17,214,120	[4, 15, 27, 42, 253]	5
1/3	17,233,920	[5, 11, 18, 34, 512]	5
1/3	17,278,800	[4, 10, 22, 35, 561]	5
1/3	17,282,160	[4, 10, 27, 126, 127]	5
1/3	17,297,280	[5, 11, 14, 104, 216]	5
1/3	17,297,280	[5, 11, 14, 108, 208]	5
1/3	17,445,120	[5, 11, 14, 128, 177]	5
1/3	17,521,920	[6, 9, 10, 26, 32, 39]	6
1/3	17,544,600	[4, 10, 27, 95, 171]	5
1/3	17,544,600	[4, 15, 27, 57, 190]	5
1/3	17,563,392	[7, 8, 12, 18, 33, 44]	6
1/3	17,740,800	[6, 11, 15, 16, 28, 40]	6
1/3	17,740,800	[6, 11, 15, 20, 28, 32]	6
1/3	17,742,240	[5, 8, 27, 111, 148]	5
1/3	17,758,440	[4, 15, 29, 54, 189]	5
1/3	17,781,120	[6, 9, 10, 21, 32, 49]	6
1/3	17,795,700	[4, 15, 27, 65, 169]	5
1/3	17,901,000	[4, 13, 30, 75, 153]	5
1/3	17,901,000	[4, 13, 45, 75, 102]	5
1/3	17,962,560	[8, 10, 11, 12, 27, 63]	6
1/3	17,979,192	[4, 21, 23, 47, 198]	5
1/3	17,985,240	[4, 15, 27, 91, 122]	5
1/3	17,992,800	[6, 8, 15, 21, 34, 35]	6
1/3	18,144,000	[7, 8, 12, 20, 25, 54]	6
1/3	18,184,320	[5, 11, 14, 123, 192]	5
1/3	18,194,400	[4, 10, 14, 114, 285]	5
1/3	18,213,120	[5, 9, 31, 34, 384]	5
1/3	18,295,200	[4, 10, 14, 165, 198]	5
1/3	18,345,600	[6, 8, 14, 20, 21, 65]	6
1/3	18,411,000	[4, 10, 25, 57, 323]	5
1/3	18,411,000	[4, 15, 25, 38, 323]	5
1/3	18,416,160	[5, 8, 27, 84, 203]	5
1/3	18,513,000	[4, 15, 33, 34, 275]	5
1/3	18,522,000	[8, 9, 10, 15, 35, 49]	6
1/3	18,532,800	[8, 10, 11, 12, 27, 65]	6
1/3	18,532,800	[8, 10, 11, 15, 26, 54]	6
1/3	18,532,800	[8, 10, 11, 15, 27, 52]	6
1/3	18,627,840	[6, 11, 15, 16, 21, 56]	6
1/3	18,627,840	[9, 10, 11, 21, 28, 32]	6
1/3	18,673,200	[4, 14, 19, 50, 351]	5
1/3	18,681,840	[4, 10, 27, 62, 279]	5
1/3	18,727,200	[4, 10, 18, 34, 765]	5
1/3	18,738,720	[8, 11, 14, 15, 26, 39]	6
1/3	18,748,800	[6, 8, 14, 20, 31, 45]	6
1/3	18,748,800	[6, 10, 14, 16, 31, 45]	6
1/3	18,782,280	[4, 15, 31, 54, 187]	5
1/3	18,786,600	[6, 10, 14, 15, 21, 71]	6
1/3	18,944,640	[8, 10, 11, 23, 26, 36]	6
1/3	18,983,160	[4, 10, 31, 81, 189]	5
1/3	18,983,160	[5, 8, 31, 81, 189]	5
1/3	19,126,800	[8, 11, 15, 18, 23, 35]	6
1/3	19,141,920	[5, 8, 27, 84, 211]	5
1/3	19,209,960	[6, 9, 10, 21, 22, 77]	6
1/3	19,299,060	[6, 9, 11, 15, 38, 57]	6
1/3	19,404,000	[6, 11, 15, 20, 28, 35]	6
1/3	19,404,000	[8, 10, 11, 14, 35, 45]	6
1/3	19,459,440	[7, 9, 15, 24, 26, 33]	6
1/3	19,562,400	[8, 10, 11, 15, 38, 39]	6
1/3	19,585,800	[4, 10, 31, 81, 195]	5
1/3	19,585,800	[4, 13, 30, 93, 135]	5
1/3	19,661,400	[4, 10, 33, 45, 331]	5
1/3	19,661,400	[4, 15, 18, 55, 331]	5
1/3	19,792,080	[9, 10, 11, 21, 28, 34]	6
1/3	19,815,840	[5, 8, 33, 54, 278]	5
1/3	19,899,000	[4, 10, 33, 67, 225]	5
1/3	19,958,400	[6, 11, 16, 20, 21, 45]	6
1/3	19,958,400	[7, 9, 20, 22, 24, 30]	6
1/3	19,958,400	[7, 11, 15, 20, 24, 36]	6
1/3	20,039,040	[6, 8, 14, 20, 21, 71]	6
1/3	20,039,040	[6, 10, 14, 16, 21, 71]	6
1/3	20,077,200	[6, 11, 15, 20, 26, 39]	6
1/3	20,088,000	[6, 8, 20, 25, 27, 31]	6
1/3	20,124,720	[5, 7, 66, 88, 99]	5
1/3	20,168,400	[4, 10, 14, 147, 245]	5
1/3	20,196,000	[8, 10, 11, 18, 25, 51]	6
1/3	20,226,024	[4, 13, 42, 49, 189]	5
1/3	20,255,400	[4, 10, 31, 55, 297]	5
1/3	20,255,400	[4, 15, 31, 55, 198]	5
1/3	20,273,760	[5, 8, 27, 76, 247]	5
1/3	20,386,080	[6, 9, 13, 20, 33, 44]	6
1/3	20,386,080	[6, 9, 13, 22, 33, 40]	6
1/3	20,386,080	[8, 9, 13, 22, 30, 33]	6
1/3	20,389,320	[4, 15, 29, 93, 126]	5
1/3	20,389,320	[4, 21, 27, 31, 290]	5
1/3	20,391,840	[4, 10, 14, 102, 357]	5
1/3	20,396,880	[4, 10, 18, 71, 399]	5
1/3	20,396,880	[4, 15, 18, 71, 266]	5
1/3	20,462,400	[6, 8, 15, 28, 29, 35]	6
1/3	20,523,360	[5, 11, 16, 46, 507]	5
1/3	20,619,360	[5, 8, 27, 129, 148]	5
1/3	20,638,800	[4, 13, 30, 42, 315]	5
1/3	20,697,600	[6, 11, 16, 20, 28, 35]	6
1/3	20,716,560	[4, 10, 27, 138, 139]	5
1/3	20,744,640	[8, 9, 10, 21, 28, 49]	6
1/3	20,766,240	[8, 11, 15, 18, 23, 38]	6
1/3	20,972,160	[5, 9, 22, 64, 331]	5
1/3	20,974,464	[7, 8, 12, 18, 34, 51]	6
1/3	21,003,840	[8, 10, 11, 18, 34, 39]	6
1/3	21,039,480	[5, 9, 23, 56, 363]	5
1/3	21,060,000	[6, 9, 13, 15, 25, 80]	6
1/3	21,168,000	[6, 8, 10, 28, 35, 45]	6
1/3	21,168,000	[6, 8, 14, 20, 25, 63]	6
1/3	21,222,432	[6, 8, 21, 22, 29, 33]	6
1/3	21,288,960	[7, 9, 16, 20, 24, 44]	6
1/3	21,288,960	[7, 9, 16, 22, 24, 40]	6
1/3	21,288,960	[7, 11, 12, 18, 32, 40]	6
1/3	21,326,760	[4, 10, 31, 91, 189]	5
1/3	21,326,760	[5, 8, 31, 91, 189]	5
1/3	21,330,540	[4, 15, 27, 77, 171]	5
1/3	21,344,400	[4, 10, 14, 165, 231]	5
1/3	21,344,400	[4, 15, 21, 110, 154]	5
1/3	21,415,680	[6, 11, 16, 20, 26, 39]	6
1/3	21,470,400	[8, 9, 10, 12, 35, 71]	6
1/3	21,470,400	[8, 9, 10, 15, 28, 71]	6
1/3	21,542,400	[6, 11, 15, 16, 34, 40]	6
1/3	21,542,400	[6, 11, 15, 20, 32, 34]	6
1/3	21,669,120	[5, 11, 19, 32, 648]	5
1/3	21,780,000	[6, 8, 15, 22, 25, 55]	6
1/3	21,785,400	[4, 15, 26, 35, 399]	5
1/3	21,804,552	[4, 19, 23, 42, 297]	5
1/3	21,828,240	[4, 10, 18, 71, 427]	5
1/3	21,859,200	[9, 10, 11, 15, 23, 64]	6
1/3	21,874,320	[4, 10, 27, 82, 247]	5
1/3	21,930,480	[4, 10, 27, 142, 143]	5
1/3	21,954,240	[6, 9, 14, 15, 16, 121]	6
1/3	21,954,240	[7, 9, 20, 22, 24, 33]	6
1/3	22,029,840	[4, 10, 31, 42, 423]	5
1/3	22,044,960	[5, 7, 72, 81, 108]	5
1/3	22,050,000	[4, 10, 14, 175, 225]	5
1/3	22,070,880	[5, 8, 27, 131, 156]	5
1/3	22,084,920	[4, 15, 33, 39, 286]	5
1/3	22,176,000	[6, 11, 15, 16, 35, 40]	6
1/3	22,176,000	[6, 11, 15, 25, 28, 32]	6
1/3	22,177,800	[4, 10, 27, 111, 185]	5
1/3	22,226,400	[6, 9, 10, 15, 49, 56]	6
1/3	22,226,400	[8, 9, 10, 15, 42, 49]	6
1/3	22,314,600	[8, 11, 15, 21, 23, 35]	6
1/3	22,397,760	[5, 11, 14, 96, 303]	5
1/3	22,453,200	[7, 11, 15, 20, 27, 36]	6
1/3	22,453,200	[8, 10, 11, 15, 27, 63]	6
1/3	22,498,560	[7, 10, 16, 24, 27, 31]	6
1/3	22,543,920	[6, 9, 10, 21, 28, 71]	6
1/3	22,619,520	[7, 11, 18, 20, 24, 34]	6
1/3	22,619,520	[8, 10, 11, 14, 36, 51]	6
1/3	22,619,520	[9, 11, 12, 14, 16, 85]	6
1/3	22,680,000	[7, 8, 12, 25, 30, 45]	6
1/3	22,680,000	[7, 8, 20, 25, 27, 30]	6
1/3	22,680,000	[7, 9, 12, 25, 30, 40]	6
1/3	22,767,360	[6, 8, 10, 22, 28, 77]	6
1/3	22,830,720	[5, 11, 16, 47, 552]	5
1/3	22,830,720	[6, 8, 20, 22, 23, 47]	6
1/3	22,830,720	[6, 10, 16, 22, 23, 47]	6
1/3	22,861,440	[6, 8, 10, 27, 28, 63]	6
1/3	22,952,160	[4, 10, 14, 162, 253]	5
1/3	23,011,128	[4, 19, 21, 81, 178]	5
1/3	23,020,200	[4, 10, 27, 105, 203]	5
1/3	23,085,972	[4, 13, 63, 81, 87]	5
1/3	23,123,880	[4, 13, 45, 54, 183]	5
1/3	23,166,000	[8, 10, 11, 25, 27, 39]	6
1/3	23,284,800	[8, 10, 11, 14, 35, 54]	6
1/3	23,284,800	[9, 10, 11, 12, 35, 56]	6
1/3	23,327,040	[5, 8, 22, 141, 188]	5
1/3	23,427,360	[4, 10, 18, 34, 957]	5
1/3	23,454,360	[4, 15, 27, 57, 254]	5
1/3	23,474,880	[9, 11, 13, 16, 30, 38]	6
1/3	23,528,232	[4, 14, 19, 81, 273]	5
1/3	23,575,860	[6, 11, 14, 15, 27, 63]	6
1/3	23,587,200	[7, 8, 12, 20, 27, 65]	6
1/3	23,587,200	[7, 9, 12, 26, 30, 40]	6
1/3	23,587,200	[7, 10, 15, 16, 26, 54]	6
1/3	23,587,200	[7, 10, 15, 16, 27, 52]	6
1/3	23,587,200	[9, 10, 13, 14, 15, 96]	6
1/3	23,593,680	[4, 10, 27, 66, 331]	5
1/3	23,593,680	[5, 8, 33, 54, 331]	5
1/3	23,700,600	[8, 11, 15, 19, 27, 35]	6
1/3	23,701,920	[5, 8, 22, 134, 201]	5
1/3	23,746,800	[4, 10, 22, 35, 771]	5
1/3	23,814,000	[4, 10, 14, 135, 315]	5
1/3	23,814,000	[4, 10, 14, 189, 225]	5
1/3	23,849,280	[6, 8, 14, 21, 26, 65]	6
1/3	23,878,800	[4, 10, 18, 67, 495]	5
1/3	23,878,800	[6, 9, 10, 15, 44, 67]	6
1/3	23,882,040	[4, 13, 30, 81, 189]	5
1/3	23,905,728	[6, 8, 14, 21, 22, 77]	6
1/3	23,927,400	[4, 10, 27, 105, 211]	5
1/3	23,950,080	[7, 10, 16, 22, 27, 36]	6
1/3	23,950,080	[7, 11, 16, 20, 27, 36]	6
1/3	23,990,400	[6, 8, 10, 28, 35, 51]	6
1/3	24,045,120	[6, 8, 15, 23, 33, 44]	6
1/3	24,092,640	[9, 10, 11, 12, 39, 52]	6
1/3	24,284,160	[5, 9, 31, 34, 512]	5
1/3	24,306,480	[6, 9, 10, 31, 33, 44]	6
1/3	24,377,760	[4, 11, 54, 90, 114]	5
1/3	24,449,040	[6, 9, 11, 21, 28, 70]	6
1/3	24,449,040	[6, 9, 11, 21, 35, 56]	6
1/3	24,504,480	[4, 10, 14, 198, 221]	5
1/3	24,562,440	[4, 10, 27, 133, 171]	5
1/3	24,562,440	[5, 8, 27, 133, 171]	5
1/3	24,607,800	[6, 10, 14, 15, 31, 63]	6
1/3	24,628,032	[6, 8, 22, 23, 26, 39]	6
1/3	24,652,320	[4, 10, 29, 46, 462]	5
1/3	24,675,840	[7, 9, 16, 20, 24, 51]	6
1/3	24,705,000	[4, 10, 27, 75, 305]	5
1/3	24,837,120	[6, 11, 14, 21, 32, 40]	6
1/3	24,845,184	[6, 9, 14, 16, 26, 79]	6
1/3	24,872,400	[4, 10, 14, 189, 235]	5
1/3	24,881,472	[6, 7, 17, 99, 352]	5
1/3	24,948,000	[7, 9, 12, 20, 30, 55]	6
1/3	24,948,000	[7, 11, 12, 20, 30, 45]	6
1/3	24,948,000	[8, 10, 11, 21, 25, 54]	6
1/3	24,963,120	[4, 10, 27, 127, 182]	5
1/3	24,984,960	[8, 10, 11, 14, 39, 52]	6
1/3	24,990,000	[4, 10, 14, 175, 255]	5
1/3	24,994,080	[4, 10, 18, 34, 1021]	5
1/3	25,031,160	[4, 10, 33, 63, 301]	5
1/3	25,031,160	[5, 8, 33, 63, 301]	5
1/3	25,159,680	[7, 9, 20, 24, 26, 32]	6
1/3	25,174,800	[6, 8, 15, 27, 35, 37]	6
1/3	25,247,376	[7, 9, 22, 23, 24, 33]	6
1/3	25,280,640	[5, 11, 19, 32, 756]	5
1/3	25,280,640	[8, 11, 14, 15, 18, 76]	6
1/3	25,342,200	[4, 10, 27, 95, 247]	5
1/3	25,401,600	[6, 9, 10, 15, 49, 64]	6
1/3	25,414,560	[5, 8, 27, 111, 212]	5
1/3	25,470,720	[9, 10, 11, 16, 24, 67]	6
1/3	25,472,160	[4, 10, 14, 133, 342]	5
1/3	25,502,400	[8, 11, 12, 14, 15, 115]	6
1/3	25,613,280	[5, 8, 22, 126, 231]	5
1/3	25,651,080	[4, 13, 45, 87, 126]	5
1/3	25,651,080	[4, 15, 29, 54, 273]	5
1/3	25,684,560	[8, 11, 15, 18, 23, 47]	6
1/3	25,724,160	[6, 11, 16, 21, 29, 40]	6
1/3	25,724,160	[6, 11, 20, 21, 29, 32]	6
1/3	25,732,080	[9, 10, 11, 12, 38, 57]	6
1/3	25,740,000	[6, 8, 15, 25, 26, 55]	6
1/3	25,764,480	[7, 8, 12, 20, 27, 71]	6
1/3	25,774,200	[4, 10, 27, 129, 185]	5
1/3	25,874,640	[5, 8, 22, 121, 243]	5
1/3	25,874,640	[5, 8, 27, 121, 198]	5
1/3	25,913,520	[4, 10, 27, 62, 387]	5
1/3	25,918,200	[4, 15, 33, 35, 374]	5
1/3	25,930,800	[4, 10, 14, 147, 315]	5
1/3	25,930,800	[8, 9, 10, 21, 35, 49]	6
1/3	26,070,660	[7, 9, 15, 22, 33, 38]	6
1/3	26,163,000	[4, 10, 25, 57, 459]	5
1/3	26,266,680	[6, 9, 10, 22, 33, 67]	6
1/3	26,308,800	[7, 8, 12, 29, 30, 45]	6
1/3	26,308,800	[7, 9, 12, 29, 30, 40]	6
1/3	26,308,800	[7, 9, 15, 24, 29, 40]	6
1/3	26,345,088	[7, 8, 12, 27, 33, 44]	6
1/3	26,389,440	[6, 11, 16, 21, 34, 35]	6
1/3	26,460,000	[6, 8, 14, 25, 35, 45]	6
1/3	26,518,800	[4, 10, 14, 165, 287]	5
1/3	26,535,600	[7, 10, 12, 15, 39, 54]	6
1/3	26,611,200	[7, 9, 20, 22, 30, 32]	6
1/3	26,611,200	[7, 11, 15, 20, 32, 36]	6
1/3	26,637,660	[4, 15, 29, 81, 189]	5
1/3	26,968,788	[4, 21, 23, 47, 297]	5
1/3	26,984,880	[4, 10, 27, 62, 403]	5
1/3	27,202,560	[6, 11, 16, 23, 28, 40]	6
1/3	27,202,560	[6, 11, 20, 23, 28, 32]	6
1/3	27,216,000	[7, 8, 12, 20, 25, 81]	6
1/3	27,252,720	[5, 8, 31, 66, 333]	5
1/3	27,291,600	[4, 15, 21, 114, 190]	5
1/3	27,342,000	[4, 10, 14, 155, 315]	5
1/3	27,420,120	[4, 10, 31, 81, 273]	5
1/3	27,420,120	[4, 13, 30, 93, 189]	5
1/3	27,420,120	[5, 8, 31, 81, 273]	5
1/3	27,424,320	[5, 8, 22, 84, 371]	5
1/3	27,442,800	[4, 15, 21, 110, 198]	5
1/3	27,442,800	[7, 10, 12, 22, 33, 45]	6
1/3	27,466,560	[6, 11, 15, 16, 34, 51]	6
1/3	27,518,400	[6, 9, 13, 28, 35, 40]	6
1/3	27,525,960	[4, 10, 33, 63, 331]	5
1/3	27,525,960	[5, 8, 33, 63, 331]	5
1/3	27,588,600	[4, 10, 27, 131, 195]	5
1/3	27,597,024	[7, 8, 18, 26, 27, 39]	6
1/3	27,675,648	[7, 9, 16, 24, 26, 44]	6
1/3	27,692,280	[7, 9, 12, 15, 33, 74]	6
1/3	27,714,960	[4, 13, 30, 42, 423]	5
1/3	27,760,320	[7, 8, 12, 18, 27, 85]	6
1/3	27,941,760	[6, 9, 10, 21, 22, 112]	6
1/3	27,941,760	[8, 9, 11, 12, 28, 105]	6
1/3	27,941,760	[8, 9, 11, 21, 28, 60]	6
1/3	27,989,280	[5, 11, 19, 32, 837]	5
1/3	28,019,520	[5, 8, 27, 94, 276]	5
1/3	28,062,720	[7, 9, 20, 24, 29, 32]	6
1/3	28,123,200	[7, 8, 20, 27, 30, 31]	6
1/3	28,123,200	[7, 9, 12, 20, 30, 62]	6
1/3	28,123,200	[7, 10, 15, 16, 31, 54]	6
1/3	28,139,760	[5, 8, 22, 171, 187]	5
1/3	28,163,520	[5, 8, 22, 84, 381]	5
1/3	28,173,420	[4, 15, 31, 81, 187]	5
1/3	28,357,560	[4, 10, 31, 77, 297]	5
1/3	28,357,560	[5, 8, 31, 77, 297]	5
1/3	28,366,200	[6, 9, 10, 15, 34, 103]	6
1/3	28,416,960	[5, 13, 18, 23, 1056]	5
1/3	28,416,960	[8, 10, 11, 23, 26, 54]	6
1/3	28,488,240	[5, 8, 22, 99, 327]	5
1/3	28,607,040	[5, 11, 14, 86, 432]	5
1/3	28,607,040	[8, 9, 10, 28, 33, 43]	6
1/3	28,690,200	[6, 11, 20, 21, 23, 45]	6
1/3	28,836,720	[5, 8, 22, 99, 331]	5
1/3	28,868,400	[4, 11, 54, 90, 135]	5
1/3	29,027,160	[6, 9, 10, 31, 34, 51]	6
1/3	29,040,000	[6, 8, 10, 25, 44, 55]	6
1/3	29,106,000	[4, 11, 70, 90, 105]	5
1/3	29,106,000	[6, 11, 14, 20, 35, 45]	6
1/3	29,145,600	[6, 10, 15, 16, 23, 88]	6
1/3	29,145,600	[6, 11, 15, 23, 32, 40]	6
1/3	29,169,504	[6, 8, 14, 21, 39, 53]	6
1/3	29,189,160	[8, 11, 13, 21, 27, 45]	6
1/3	29,272,320	[5, 7, 66, 99, 128]	5
1/3	29,272,320	[5, 7, 72, 88, 132]	5
1/3	29,272,320	[7, 9, 16, 22, 33, 40]	6
1/3	29,272,320	[7, 9, 20, 22, 32, 33]	6
1/3	29,393,280	[5, 7, 81, 96, 108]	5
1/3	29,492,100	[4, 15, 27, 55, 331]	5
1/3	29,494,080	[6, 11, 14, 21, 38, 40]	6
1/3	29,498,040	[4, 15, 33, 39, 382]	5
1/3	29,514,240	[6, 9, 10, 28, 32, 61]	6
1/3	29,635,200	[6, 8, 10, 28, 45, 49]	6
1/3	29,670,480	[4, 10, 14, 203, 261]	5
1/3	29,688,120	[6, 9, 11, 21, 34, 70]	6
1/3	29,688,120	[6, 9, 11, 21, 35, 68]	6
1/3	29,882,160	[5, 8, 22, 147, 231]	5
1/3	29,937,600	[7, 11, 15, 20, 24, 54]	6
1/3	29,937,600	[7, 11, 15, 20, 27, 48]	6
1/3	29,937,600	[7, 11, 16, 20, 27, 45]	6
1/3	29,965,320	[7, 8, 11, 47, 1035]	5
1/3	29,965,320	[8, 11, 15, 21, 23, 47]	6
1/3	29,998,080	[7, 9, 16, 20, 24, 62]	6
1/3	30,046,800	[4, 10, 14, 147, 365]	5
1/3	30,058,560	[8, 9, 10, 21, 28, 71]	6
1/3	30,159,360	[7, 11, 16, 18, 34, 40]	6
1/3	30,159,360	[7, 11, 18, 20, 32, 34]	6
1/3	30,222,720	[8, 9, 11, 12, 30, 106]	6
1/3	30,240,000	[7, 9, 16, 25, 30, 40]	6
1/3	30,246,480	[4, 10, 18, 67, 627]	5
1/3	30,246,480	[4, 15, 18, 67, 418]	5
1/3	30,252,600	[4, 15, 21, 98, 245]	5
1/3	30,270,240	[4, 13, 22, 126, 210]	5
1/3	30,354,480	[4, 10, 39, 47, 414]	5
1/3	30,354,480	[4, 15, 26, 47, 414]	5
1/3	30,360,000	[6, 8, 20, 23, 25, 55]	6
1/3	30,383,100	[4, 15, 31, 55, 297]	5
1/3	30,472,200	[6, 11, 19, 20, 27, 45]	6
1/3	30,510,144	[6, 8, 14, 21, 46, 47]	6
1/3	30,583,980	[4, 15, 29, 93, 189]	5
1/3	30,587,760	[4, 15, 21, 102, 238]	5
1/3	30,602,880	[7, 10, 18, 22, 23, 48]	6
1/3	30,663,360	[5, 7, 78, 104, 108]	5
1/3	30,693,600	[6, 8, 14, 29, 35, 45]	6
1/3	30,693,600	[6, 8, 15, 21, 29, 70]	6
1/3	30,735,936	[6, 8, 14, 21, 22, 99]	6
1/3	30,739,500	[6, 9, 10, 23, 33, 75]	6
1/3	30,844,800	[7, 9, 15, 20, 34, 48]	6
1/3	30,844,800	[7, 9, 16, 20, 30, 51]	6
1/3	30,868,992	[7, 9, 16, 24, 29, 44]	6
1/3	30,935,520	[5, 11, 14, 93, 432]	5
1/3	30,958,200	[4, 13, 45, 63, 210]	5
1/3	31,046,400	[6, 11, 14, 21, 32, 50]	6
1/3	31,048,920	[4, 10, 27, 111, 259]	5
1/3	31,048,920	[5, 8, 27, 111, 259]	5
1/3	31,063,200	[4, 10, 14, 86, 645]	5
1/3	31,083,360	[5, 11, 14, 87, 464]	5
1/3	31,135,104	[7, 8, 12, 26, 33, 54]	6
1/3	31,169,880	[4, 15, 31, 63, 266]	5
1/3	31,220,640	[6, 11, 15, 16, 27, 73]	6
1/3	31,256,400	[4, 10, 14, 183, 305]	5
1/3	31,363,200	[6, 8, 10, 27, 44, 55]	6
1/3	31,363,200	[6, 9, 10, 15, 32, 121]	6
1/3	31,392,240	[4, 10, 22, 47, 759]	5
1/3	31,434,480	[6, 11, 14, 20, 27, 63]	6
1/3	31,449,600	[6, 10, 13, 28, 32, 45]	6
1/3	31,449,600	[7, 9, 16, 26, 30, 40]	6
1/3	31,449,600	[9, 10, 13, 14, 15, 128]	6
1/3	31,450,320	[5, 8, 33, 57, 418]	5
1/3	31,461,696	[7, 8, 12, 27, 34, 51]	6
1/3	31,505,760	[8, 9, 13, 22, 30, 51]	6
1/3	31,559,220	[7, 9, 15, 23, 33, 44]	6
1/3	31,600,800	[8, 10, 11, 14, 45, 57]	6
1/3	31,636,800	[6, 8, 10, 26, 39, 65]	6
1/3	31,768,200	[4, 10, 27, 111, 265]	5
1/3	31,838,400	[8, 9, 11, 20, 30, 67]	6
1/3	31,842,720	[5, 7, 81, 104, 108]	5
1/3	31,878,000	[6, 11, 15, 23, 35, 40]	6
1/3	31,933,440	[5, 7, 66, 96, 144]	5
1/3	31,933,440	[7, 11, 12, 27, 32, 40]	6
1/3	31,993,920	[5, 7, 72, 92, 138]	5
1/3	32,123,520	[8, 9, 11, 12, 52, 65]	6
1/3	32,123,520	[9, 10, 11, 16, 39, 52]	6
1/3	32,193,480	[4, 11, 58, 87, 145]	5
1/3	32,205,600	[7, 9, 12, 20, 30, 71]	6
1/3	32,205,600	[7, 9, 15, 20, 24, 71]	6
1/3	32,205,600	[7, 10, 15, 16, 27, 71]	6
1/3	32,228,280	[4, 10, 27, 147, 203]	5
1/3	32,228,280	[5, 8, 27, 147, 203]	5
1/3	32,340,000	[8, 10, 11, 14, 25, 105]	6
1/3	32,369,040	[4, 10, 18, 67, 671]	5
1/3	32,387,040	[6, 8, 14, 21, 27, 85]	6
1/3	32,400,000	[6, 8, 9, 20, 50, 75]	6
1/3	32,408,640	[8, 9, 10, 31, 33, 44]	6
1/3	32,432,400	[7, 11, 15, 20, 27, 52]	6
1/3	32,527,440	[4, 11, 74, 90, 111]	5
1/3	32,598,720	[6, 11, 15, 16, 21, 98]	6
1/3	32,598,720	[8, 9, 11, 21, 28, 70]	6
1/3	32,616,000	[8, 9, 10, 12, 25, 151]	6
1/3	32,617,728	[6, 9, 13, 16, 33, 88]	6
1/3	32,742,360	[4, 15, 18, 71, 427]	5
1/3	32,810,400	[6, 9, 10, 31, 35, 56]	6
1/3	32,810,400	[8, 9, 10, 31, 35, 42]	6
1/3	32,898,096	[4, 14, 23, 43, 594]	5
1/3	32,898,096	[8, 9, 14, 23, 33, 43]	6
1/3	32,901,120	[5, 7, 68, 96, 144]	5
1/3	32,931,360	[5, 7, 72, 99, 132]	5
1/3	32,931,360	[7, 8, 18, 22, 33, 45]	6
1/3	32,931,360	[7, 10, 12, 18, 22, 99]	6
1/3	32,986,800	[4, 11, 70, 102, 105]	5
1/3	32,986,800	[6, 11, 14, 20, 35, 51]	6
1/3	33,031,680	[6, 11, 16, 23, 34, 40]	6
1/3	33,031,680	[6, 11, 20, 23, 32, 34]	6
1/3	33,080,880	[4, 10, 14, 203, 291]	5
1/3	33,149,088	[6, 8, 14, 27, 29, 63]	6
1/3	33,180,840	[6, 9, 10, 21, 22, 133]	6
1/3	33,203,520	[7, 8, 12, 27, 30, 61]	6
1/3	33,242,400	[6, 8, 10, 27, 45, 57]	6
1/3	33,264,000	[7, 9, 16, 20, 30, 55]	6
1/3	33,264,000	[7, 11, 16, 20, 25, 54]	6
1/3	33,291,648	[6, 8, 9, 38, 39, 52]	6
1/3	33,336,576	[6, 9, 13, 28, 32, 53]	6
1/3	33,339,600	[4, 10, 14, 135, 441]	5
1/3	33,384,960	[5, 7, 69, 96, 144]	5
1/3	33,398,400	[6, 8, 10, 28, 35, 71]	6
1/3	33,400,080	[5, 7, 72, 94, 141]	5
1/3	33,498,360	[4, 10, 27, 147, 211]	5
1/3	33,498,360	[5, 8, 27, 147, 211]	5
1/3	33,517,440	[6, 8, 10, 22, 46, 69]	6
