1/2     2       [2]     1
1/2     12      [3, 4]  2
1/2     168     [3, 7, 8]       3
1/2     240     [3, 5, 16]      3
1/2     6,720   [3, 7, 10, 32]  4
1/2    13,440    [3, 5, 28, 32]    4
1/2    14,880    [3, 5, 31, 32]    4
1/2    65,280    [3, 5, 17, 256]    4
1/2    549,120    [3, 10, 11, 13, 128]    5
1/2    591,360    [3, 7, 11, 32, 80]    5
1/2    591,360    [3, 7, 11, 40, 64]    5
1/2    833,280    [3, 7, 10, 62, 64]    5
1/2    954,240    [3, 7, 10, 64, 71]    5
1/2    1,145,760    [3, 7, 11, 32, 155]    5
1/2    1,317,120    [3, 5, 32, 49, 56]    5
1/2    1,666,560    [3, 5, 31, 56, 64]    5
1/2    1,908,480    [3, 5, 28, 64, 71]    5
1/2    2,143,680    [3, 7, 11, 29, 320]    5
1/2    2,204,160    [3, 7, 10, 41, 256]    5
1/2    3,655,680    [3, 7, 10, 34, 512]    5
1/2    3,886,080    [3, 5, 23, 64, 176]    5

thread #1, (1,000,000) 1.58 mins ~ 631,579 per min
thread #1, (2,000,000) 4.63 mins ~ 431,655 per min
thread #1, (3,000,000) 8.73 mins ~ 343,511 per min
thread #1, (4,000,000) 14.03 mins ~ 285,036 per min
finished from 2 to 4194304 with 1 threads in 913.55 seconds (15.23 minutes)

thread #1, (1,000,000) 1.47 mins ~ 681,818 per min
thread #1, (2,000,000) 4.38 mins ~ 456,274 per min
thread #1, (3,000,000) 8.27 mins ~ 362,903 per min
finished from 2 to 4194304 with 1 threads in 876.43 seconds (14.61 minutes)

