1/4	4	[4]	1
1/4	48	[6, 8]	2
1/4	56	[7, 8]	2
1/4	80	[5, 16]	2
1/4	864	[8, 9, 12]	3
1/4	1,344	[6, 14, 16]	3
1/4	1,344	[7, 12, 16]	3
1/4	1,512	[8, 9, 21]	3
1/4	1,680	[7, 15, 16]	3
1/4	1,824	[6, 16, 19]	3
1/4	1,920	[6, 10, 32]	3
1/4	2,240	[7, 10, 32]	3
1/4	2,496	[6, 13, 32]	3
1/4	3,024	[7, 9, 48]	3
1/4	3,840	[5, 24, 32]	3
1/4	4,032	[7, 9, 64]	3
1/4	4,480	[5, 28, 32]	3
1/4	4,960	[5, 31, 32]	3
1/4	5,280	[6, 11, 80]	3
1/4	6,720	[5, 21, 64]	3
1/4	8,640	[5, 18, 96]	3
1/4	9,120	[5, 19, 96]	3
1/4	11,520	[5, 18, 128]	3
1/4	21,760	[5, 17, 256]	3
1/4	31,680	[11, 12, 15, 16]	4
1/4	32,832	[9, 12, 16, 19]	4
1/4	41,040	[9, 15, 16, 19]	4
1/4	44,928	[9, 12, 13, 32]	4
1/4	48,384	[7, 16, 18, 24]	4
1/4	56,448	[6, 16, 21, 28]	4
1/4	57,600	[6, 15, 16, 40]	4
1/4	57,600	[6, 15, 20, 32]	4
1/4	60,480	[9, 10, 21, 32]	4
1/4	63,504	[6, 9, 21, 56]	4
1/4	67,200	[7, 15, 20, 32]	4
1/4	69,696	[6, 16, 22, 33]	4
1/4	70,560	[6, 16, 21, 35]	4
1/4	84,480	[10, 11, 12, 64]	4
1/4	86,688	[6, 16, 21, 43]	4
1/4	95,040	[9, 11, 12, 80]	4
1/4	95,040	[9, 11, 16, 60]	4
1/4	97,152	[6, 22, 23, 32]	4
1/4	100,800	[6, 15, 16, 70]	4
1/4	102,144	[6, 19, 28, 32]	4
1/4	102,144	[7, 12, 32, 38]	4
1/4	104,160	[7, 15, 31, 32]	4
1/4	107,520	[6, 14, 20, 64]	4
1/4	107,520	[7, 12, 20, 64]	4
1/4	114,912	[7, 16, 18, 57]	4
1/4	115,584	[6, 14, 32, 43]	4
1/4	115,584	[7, 12, 32, 43]	4
1/4	118,800	[9, 11, 16, 75]	4
1/4	131,040	[6, 15, 16, 91]	4
1/4	136,800	[6, 15, 19, 80]	4
1/4	139,776	[7, 12, 26, 64]	4
1/4	139,776	[7, 13, 24, 64]	4
1/4	145,920	[6, 19, 20, 64]	4
1/4	155,904	[6, 14, 29, 64]	4
1/4	155,904	[7, 12, 29, 64]	4
1/4	157,248	[7, 13, 27, 64]	4
1/4	183,040	[10, 11, 13, 128]	4
1/4	188,352	[6, 9, 32, 109]	4
1/4	197,120	[7, 11, 32, 80]	4
1/4	197,120	[7, 11, 40, 64]	4
1/4	215,040	[6, 10, 56, 64]	4
1/4	215,040	[7, 10, 48, 64]	4
1/4	221,760	[7, 11, 45, 64]	4
1/4	238,080	[6, 10, 62, 64]	4
1/4	268,800	[6, 14, 25, 128]	4
1/4	268,800	[7, 12, 25, 128]	4
1/4	276,480	[5, 32, 36, 48]	4
1/4	277,760	[7, 10, 62, 64]	4
1/4	279,552	[6, 13, 56, 64]	4
1/4	295,680	[7, 11, 32, 120]	4
1/4	295,680	[7, 12, 22, 160]	4
1/4	309,504	[6, 13, 62, 64]	4
1/4	318,080	[7, 10, 64, 71]	4
1/4	322,560	[5, 32, 42, 48]	4
1/4	349,440	[6, 10, 64, 91]	4
1/4	369,600	[7, 11, 30, 160]	4
1/4	369,600	[7, 11, 32, 150]	4
1/4	376,320	[5, 32, 42, 56]	4
1/4	381,920	[7, 11, 32, 155]	4
1/4	394,368	[6, 13, 64, 79]	4
1/4	399,360	[6, 13, 40, 128]	4
1/4	430,080	[5, 24, 56, 64]	4
1/4	430,080	[5, 28, 48, 64]	4
1/4	439,040	[5, 32, 49, 56]	4
1/4	443,520	[7, 11, 30, 192]	4
1/4	456,960	[7, 15, 17, 256]	4
1/4	466,560	[5, 27, 36, 96]	4
1/4	468,480	[6, 10, 61, 128]	4
1/4	470,400	[6, 10, 35, 224]	4
1/4	476,160	[5, 31, 48, 64]	4
1/4	483,840	[5, 32, 36, 84]	4
1/4	483,840	[5, 32, 42, 72]	4
1/4	483,840	[7, 10, 36, 192]	4
1/4	510,720	[7, 10, 38, 192]	4
1/4	529,152	[6, 13, 53, 128]	4
1/4	544,320	[5, 27, 63, 64]	4
1/4	555,520	[5, 31, 56, 64]	4
1/4	562,464	[7, 9, 93, 96]	4
1/4	577,920	[7, 10, 43, 192]	4
1/4	583,680	[5, 24, 64, 76]	4
1/4	604,800	[7, 9, 80, 120]	4
1/4	611,520	[5, 32, 42, 91]	4
1/4	622,080	[5, 27, 36, 128]	4
1/4	624,960	[5, 31, 63, 64]	4
1/4	636,160	[5, 28, 64, 71]	4
1/4	645,120	[7, 10, 36, 256]	4
1/4	656,640	[5, 32, 36, 114]	4
1/4	660,480	[5, 24, 64, 86]	4
1/4	680,064	[6, 14, 23, 352]	4
1/4	680,064	[7, 12, 23, 352]	4
1/4	696,960	[6, 10, 33, 352]	4
1/4	698,880	[5, 24, 64, 91]	4
1/4	698,880	[7, 13, 20, 384]	4
1/4	714,560	[7, 11, 29, 320]	4
1/4	725,760	[7, 9, 60, 192]	4
1/4	731,808	[7, 9, 66, 176]	4
1/4	734,720	[7, 10, 41, 256]	4
1/4	743,040	[5, 32, 36, 129]	4
1/4	749,952	[7, 9, 96, 124]	4
1/4	768,096	[7, 9, 96, 127]	4
1/4	786,240	[5, 27, 64, 91]	4
1/4	798,720	[5, 24, 52, 128]	4
1/4	798,720	[5, 26, 48, 128]	4
1/4	831,600	[7, 9, 75, 176]	4
1/4	833,280	[5, 31, 42, 128]	4
1/4	890,880	[5, 24, 58, 128]	4
1/4	898,560	[5, 26, 54, 128]	4
1/4	898,560	[5, 27, 52, 128]	4
1/4	904,176	[7, 9, 69, 208]	4
1/4	929,280	[5, 32, 33, 176]	4
1/4	936,960	[5, 24, 61, 128]	4
1/4	967,680	[5, 28, 36, 192]	4
1/4	967,680	[7, 9, 80, 192]	4
1/4	999,936	[7, 9, 124, 128]	4
1/4	1,016,064	[9, 12, 16, 21, 28]	5
1/4	1,016,064	[9, 14, 16, 21, 24]	5
1/4	1,024,128	[7, 9, 127, 128]	4
1/4	1,028,160	[7, 9, 85, 192]	4
1/4	1,036,800	[9, 12, 15, 16, 40]	5
1/4	1,036,800	[9, 12, 15, 20, 32]	5
1/4	1,044,480	[6, 10, 34, 512]	4
1/4	1,048,320	[7, 10, 39, 384]	4
1/4	1,071,360	[5, 31, 36, 192]	4
1/4	1,091,664	[7, 9, 57, 304]	4
1/4	1,128,960	[5, 21, 96, 112]	4
1/4	1,128,960	[5, 24, 42, 224]	4
1/4	1,130,880	[5, 31, 38, 192]	4
1/4	1,140,480	[9, 12, 16, 22, 30]	5
1/4	1,140,480	[11, 15, 16, 18, 24]	5
1/4	1,149,120	[7, 9, 60, 304]	4
1/4	1,149,120	[7, 9, 80, 228]	4
1/4	1,155,840	[5, 28, 43, 192]	4
1/4	1,194,480	[7, 9, 80, 237]	4
1/4	1,218,560	[7, 10, 34, 512]	4
1/4	1,254,528	[9, 12, 16, 22, 33]	5
1/4	1,270,080	[9, 12, 16, 21, 35]	5
1/4	1,270,080	[9, 15, 16, 21, 28]	5
1/4	1,290,240	[5, 28, 36, 256]	4
1/4	1,290,240	[7, 9, 80, 256]	4
1/4	1,295,360	[5, 23, 64, 176]	4
1/4	1,317,120	[6, 10, 49, 448]	4
1/4	1,330,560	[11, 12, 16, 21, 30]	5
1/4	1,330,560	[11, 15, 16, 21, 24]	5
1/4	1,351,680	[6, 11, 128, 160]	4
1/4	1,357,824	[6, 13, 34, 512]	4
1/4	1,370,880	[7, 9, 85, 256]	4
1/4	1,378,944	[9, 12, 16, 21, 38]	5
1/4	1,378,944	[9, 16, 19, 21, 24]	5
1/4	1,428,480	[5, 31, 36, 256]	4
1/4	1,436,400	[7, 9, 57, 400]	4
1/4	1,451,520	[5, 21, 72, 192]	4
1/4	1,457,280	[5, 23, 66, 192]	4
1/4	1,469,440	[5, 28, 41, 256]	4
1/4	1,478,400	[6, 11, 140, 160]	4
1/4	1,502,592	[6, 13, 43, 448]	4
1/4	1,505,280	[6, 10, 49, 512]	4
1/4	1,532,160	[12, 14, 15, 19, 32]	5
1/4	1,560,384	[9, 12, 16, 21, 43]	5
1/4	1,568,160	[9, 15, 16, 22, 33]	5
1/4	1,587,600	[9, 15, 16, 21, 35]	5
1/4	1,605,120	[6, 11, 152, 160]	4
1/4	1,626,240	[5, 32, 33, 308]	4
1/4	1,632,960	[5, 21, 81, 192]	4
1/4	1,666,560	[5, 21, 124, 128]	4
1/4	1,668,480	[6, 11, 158, 160]	4
1/4	1,689,600	[6, 11, 128, 200]	4
1/4	1,693,440	[5, 21, 56, 288]	4
1/4	1,693,440	[5, 21, 72, 224]	4
1/4	1,700,160	[5, 23, 64, 231]	4
1/4	1,706,880	[5, 21, 127, 128]	4
1/4	1,766,016	[7, 9, 73, 384]	4
1/4	1,774,080	[5, 21, 88, 192]	4
1/4	1,774,080	[11, 12, 14, 30, 32]	5
1/4	1,774,080	[11, 12, 15, 28, 32]	5
1/4	1,800,480	[5, 32, 33, 341]	4
1/4	1,814,400	[9, 12, 15, 16, 70]	5
1/4	1,838,592	[9, 12, 19, 28, 32]	5
1/4	1,853,280	[5, 27, 39, 352]	4
1/4	1,886,976	[9, 13, 21, 24, 32]	5
1/4	1,950,480	[9, 15, 16, 21, 43]	5
1/4	1,980,000	[6, 11, 75, 400]	4
1/4	1,995,840	[11, 12, 16, 21, 45]	5
1/4	1,995,840	[11, 15, 16, 18, 42]	5
1/4	1,995,840	[11, 15, 16, 21, 36]	5
1/4	2,069,760	[11, 12, 14, 32, 35]	5
1/4	2,073,600	[9, 10, 15, 32, 48]	5
1/4	2,096,640	[5, 26, 42, 384]	4
1/4	2,096,640	[5, 28, 39, 384]	4
1/4	2,101,440	[6, 11, 160, 199]	4
1/4	2,112,000	[6, 11, 100, 320]	4
1/4	2,147,040	[7, 9, 71, 480]	4
1/4	2,185,920	[11, 15, 18, 23, 32]	5
1/4	2,188,800	[10, 12, 15, 19, 64]	5
1/4	2,196,480	[6, 11, 104, 320]	4
1/4	2,238,720	[6, 11, 106, 320]	4
1/4	2,238,720	[6, 11, 128, 265]	4
1/4	2,291,520	[6, 11, 155, 224]	4
1/4	2,298,240	[9, 15, 19, 28, 32]	5
1/4	2,304,960	[5, 21, 49, 448]	4
1/4	2,330,240	[5, 22, 64, 331]	4
1/4	2,334,720	[5, 19, 128, 192]	4
1/4	2,354,688	[7, 9, 73, 512]	4
1/4	2,358,720	[9, 12, 15, 16, 91]	5
1/4	2,358,720	[9, 13, 21, 30, 32]	5
1/4	2,439,360	[5, 21, 66, 352]	4
1/4	2,449,920	[6, 11, 145, 256]	4
1/4	2,462,400	[9, 12, 15, 19, 80]	5
1/4	2,467,584	[7, 9, 51, 768]	4
1/4	2,534,400	[10, 11, 15, 24, 64]	5
1/4	2,534,400	[11, 12, 15, 20, 64]	5
1/4	2,544,480	[9, 15, 19, 31, 32]	5
1/4	2,612,736	[7, 16, 24, 27, 36]	5
1/4	2,626,560	[5, 19, 144, 192]	4
1/4	2,626,560	[9, 12, 19, 20, 64]	5
1/4	2,634,240	[5, 24, 49, 448]	4
1/4	2,661,120	[11, 14, 15, 32, 36]	5
1/4	2,695,680	[9, 13, 15, 32, 48]	5
1/4	2,698,240	[5, 31, 34, 512]	4
1/4	2,708,640	[11, 15, 16, 18, 57]	5
1/4	2,808,960	[6, 11, 133, 320]	4
1/4	2,851,200	[10, 11, 15, 27, 64]	5
1/4	2,862,720	[7, 9, 71, 640]	4
1/4	2,903,040	[5, 18, 168, 192]	4
1/4	2,983,680	[7, 10, 37, 1152]	4
1/4	2,993,760	[7, 11, 27, 1440]	4
1/4	3,010,560	[5, 24, 49, 512]	4
1/4	3,041,280	[10, 11, 18, 24, 64]	5
1/4	3,064,320	[5, 19, 168, 192]	4
1/4	3,064,320	[10, 12, 19, 21, 64]	5
1/4	3,210,240	[5, 19, 176, 192]	4
1/4	3,214,080	[5, 18, 186, 192]	4
1/4	3,290,112	[7, 9, 68, 768]	4
1/4	3,339,840	[5, 21, 71, 448]	4
1/4	3,356,160	[5, 19, 184, 192]	4
1/4	3,386,880	[5, 18, 168, 224]	4
1/4	3,392,640	[5, 19, 186, 192]	4
1/4	3,429,120	[5, 19, 188, 192]	4
1/4	3,444,336	[7, 9, 51, 1072]	4
1/4	3,447,360	[5, 19, 189, 192]	4
1/4	3,483,840	[5, 19, 191, 192]	4
1/4	3,502,080	[5, 19, 128, 288]	4
1/4	3,502,080	[5, 19, 144, 256]	4
1/4	3,548,160	[7, 22, 24, 30, 32]	5
1/4	3,600,960	[5, 31, 33, 704]	4
1/4	3,628,800	[6, 16, 21, 40, 45]	5
1/4	3,628,800	[6, 20, 21, 32, 45]	5
1/4	3,628,800	[9, 10, 15, 32, 84]	5
1/4	3,677,184	[7, 18, 24, 32, 38]	5
1/4	3,677,184	[7, 19, 24, 32, 36]	5
1/4	3,720,960	[5, 19, 153, 256]	4
1/4	3,786,720	[5, 21, 49, 736]	4
1/4	3,870,720	[5, 18, 192, 224]	4
1/4	3,886,080	[5, 24, 46, 704]	4
1/4	3,902,976	[6, 22, 28, 32, 33]	5
1/4	3,924,480	[5, 21, 73, 512]	4
1/4	3,931,200	[9, 13, 15, 35, 64]	5
1/4	3,991,680	[7, 11, 27, 1920]	4
1/4	3,991,680	[9, 11, 21, 24, 80]	5
1/4	4,017,600	[9, 10, 15, 32, 93]	5
1/4	4,032,000	[6, 15, 32, 35, 40]	5
1/4	4,085,760	[5, 19, 128, 336]	4
1/4	4,093,440	[6, 13, 41, 1280]	4
1/4	4,095,360	[5, 18, 192, 237]	4
1/4	4,104,000	[9, 10, 25, 32, 57]	5
1/4	4,151,040	[6, 10, 47, 1472]	4
1/4	4,161,024	[7, 18, 24, 32, 43]	5
1/4	4,181,760	[5, 18, 132, 352]	4
1/4	4,233,600	[6, 15, 21, 28, 80]	5
1/4	4,285,440	[5, 18, 192, 248]	4
1/4	4,294,080	[5, 21, 71, 576]	4
1/4	4,324,320	[7, 11, 27, 2080]	4
1/4	4,371,840	[5, 23, 54, 704]	4
1/4	4,386,816	[7, 9, 68, 1024]	4
1/4	4,389,120	[5, 18, 192, 254]	4
1/4	4,457,376	[7, 9, 67, 1056]	4
1/4	4,475,520	[5, 18, 222, 224]	4
1/4	4,515,840	[6, 20, 21, 28, 64]	5
1/4	4,523,520	[5, 19, 128, 372]	4
1/4	4,572,288	[6, 16, 27, 28, 63]	5
1/4	4,596,480	[5, 19, 126, 384]	4
1/4	4,596,480	[5, 19, 128, 378]	4
1/4	4,596,480	[7, 18, 30, 32, 38]	5
1/4	4,614,720	[6, 11, 115, 608]	4
1/4	4,632,960	[5, 19, 128, 381]	4
1/4	4,656,960	[9, 11, 21, 35, 64]	5
1/4	4,682,880	[5, 18, 192, 271]	4
1/4	4,717,440	[9, 13, 15, 32, 84]	5
1/4	4,730,880	[11, 12, 14, 20, 128]	5
1/4	4,854,528	[6, 21, 28, 32, 43]	5
1/4	4,867,200	[6, 15, 26, 32, 65]	5
1/4	4,942,080	[10, 11, 18, 39, 64]	5
1/4	5,031,936	[7, 18, 24, 26, 64]	5
1/4	5,031,936	[9, 12, 13, 56, 64]	5
1/4	5,040,000	[6, 15, 32, 35, 50]	5
1/4	5,160,960	[5, 18, 224, 256]	4
1/4	5,166,720	[5, 18, 138, 416]	4
1/4	5,201,280	[7, 18, 30, 32, 43]	5
1/4	5,222,880	[9, 13, 15, 32, 93]	5
1/4	5,227,200	[6, 15, 22, 33, 80]	5
1/4	5,237,760	[5, 31, 33, 1024]	4
1/4	5,322,240	[9, 11, 21, 32, 80]	5
1/4	5,322,240	[9, 11, 21, 40, 64]	5
1/4	5,322,240	[9, 11, 28, 32, 60]	5
1/4	5,443,200	[9, 10, 15, 21, 192]	5
1/4	5,491,200	[11, 13, 15, 20, 128]	5
1/4	5,495,040	[5, 18, 159, 384]	4
1/4	5,503,680	[5, 18, 224, 273]	4
1/4	5,515,776	[7, 19, 24, 32, 54]	5
1/4	5,515,776	[7, 19, 27, 32, 48]	5
1/4	5,531,904	[6, 16, 21, 49, 56]	5
1/4	5,575,680	[6, 20, 22, 33, 64]	5
1/4	5,612,544	[7, 18, 24, 29, 64]	5
1/4	5,614,272	[6, 16, 27, 38, 57]	5
1/4	5,702,400	[9, 11, 15, 48, 80]	5
1/4	5,713,920	[5, 18, 248, 256]	4
1/4	5,760,000	[6, 15, 25, 32, 80]	5
1/4	5,852,160	[5, 18, 254, 256]	4
1/4	5,909,760	[5, 19, 108, 576]	4
1/4	5,943,168	[7, 9, 67, 1408]	4
1/4	5,967,360	[5, 28, 37, 1152]	4
1/4	5,987,520	[7, 16, 33, 36, 45]	5
1/4	6,082,560	[9, 10, 22, 48, 64]	5
1/4	6,082,560	[9, 11, 20, 48, 64]	5
1/4	6,128,640	[5, 19, 112, 576]	4
1/4	6,205,248	[7, 16, 27, 36, 57]	5
1/4	6,238,080	[5, 18, 114, 608]	4
1/4	6,243,840	[5, 18, 256, 271]	4
1/4	6,255,360	[5, 18, 181, 384]	4
1/4	6,272,640	[6, 16, 27, 44, 55]	5
1/4	6,350,400	[6, 16, 21, 45, 70]	5
1/4	6,350,400	[9, 10, 15, 21, 224]	5
1/4	6,357,120	[6, 11, 86, 1120]	4
1/4	6,412,032	[6, 23, 32, 33, 44]	5
1/4	6,451,200	[6, 15, 20, 56, 64]	5
1/4	6,451,200	[7, 12, 30, 32, 80]	5
1/4	6,451,200	[7, 12, 30, 40, 64]	5
1/4	6,451,200	[7, 15, 20, 48, 64]	5
1/4	6,451,200	[7, 15, 24, 32, 80]	5
1/4	6,451,200	[7, 15, 24, 40, 64]	5
1/4	6,547,968	[6, 21, 28, 29, 64]	5
1/4	6,562,080	[6, 15, 21, 31, 112]	5
1/4	6,606,336	[6, 17, 23, 2816]	4
1/4	6,652,800	[9, 11, 28, 32, 75]	5
1/4	6,652,800	[10, 11, 15, 21, 192]	5
1/4	6,652,800	[11, 14, 15, 18, 160]	5
1/4	6,720,000	[7, 15, 25, 32, 80]	5
1/4	6,761,664	[7, 18, 32, 39, 43]	5
1/4	6,814,080	[6, 15, 26, 32, 91]	5
1/4	6,830,208	[6, 16, 21, 44, 77]	5
1/4	6,894,720	[7, 19, 30, 32, 54]	5
1/4	6,935,040	[6, 20, 21, 43, 64]	5
1/4	6,935,040	[7, 15, 32, 43, 48]	5
1/4	7,021,728	[6, 16, 27, 43, 63]	5
1/4	7,056,000	[6, 21, 25, 32, 70]	5
1/4	7,098,624	[9, 12, 13, 64, 79]	5
1/4	7,142,400	[6, 15, 31, 32, 80]	5
1/4	7,142,400	[6, 15, 31, 40, 64]	5
1/4	7,154,784	[6, 16, 21, 39, 91]	5
1/4	7,156,800	[6, 15, 32, 35, 71]	5
1/4	7,188,480	[9, 12, 13, 40, 128]	5
1/4	7,201,920	[6, 22, 31, 32, 55]	5
1/4	7,257,600	[7, 15, 27, 40, 64]	5
1/4	7,257,600	[9, 10, 15, 28, 192]	5
1/4	7,286,400	[10, 11, 15, 23, 192]	5
1/4	7,286,400	[11, 12, 15, 23, 160]	5
1/4	7,296,000	[6, 20, 25, 38, 64]	5
1/4	7,311,360	[5, 21, 68, 1024]	4
1/4	7,365,600	[9, 11, 31, 32, 75]	5
1/4	7,423,680	[5, 19, 111, 704]	4
1/4	7,459,200	[6, 15, 35, 37, 64]	5
1/4	7,499,520	[9, 10, 21, 62, 64]	5
1/4	7,526,400	[6, 14, 32, 35, 80]	5
1/4	7,526,400	[6, 14, 35, 40, 64]	5
1/4	7,584,192	[7, 19, 32, 33, 54]	5
1/4	7,603,200	[9, 11, 15, 64, 80]	5
1/4	7,687,680	[11, 13, 14, 30, 128]	5
1/4	7,687,680	[11, 13, 15, 28, 128]	5
1/4	7,756,560	[7, 16, 27, 45, 57]	5
1/4	7,772,160	[10, 11, 23, 24, 128]	5
1/4	7,805,952	[7, 12, 32, 44, 66]	5
1/4	7,879,680	[5, 19, 108, 768]	4
1/4	8,035,200	[9, 10, 15, 31, 192]	5
1/4	8,186,880	[5, 26, 41, 1536]	4
1/4	8,302,080	[5, 24, 47, 1472]	4
1/4	8,332,800	[7, 15, 31, 40, 64]	5
1/4	8,340,480	[5, 18, 181, 512]	4
1/4	8,386,560	[7, 15, 24, 52, 64]	5
1/4	8,419,840	[5, 23, 52, 1408]	4
1/4	8,536,320	[5, 19, 108, 832]	4
1/4	8,588,160	[9, 10, 21, 64, 71]	5
1/4	8,618,400	[6, 19, 21, 45, 80]	5
1/4	8,712,000	[6, 16, 22, 55, 75]	5
1/4	8,769,600	[6, 15, 21, 29, 160]	5
1/4	9,106,944	[6, 14, 32, 44, 77]	5
1/4	9,192,960	[7, 15, 32, 36, 76]	5
1/4	9,192,960	[7, 18, 20, 57, 64]	5
1/4	9,269,568	[6, 16, 22, 57, 77]	5
1/4	9,354,240	[7, 15, 24, 58, 64]	5
1/4	9,354,240	[7, 15, 29, 48, 64]	5
1/4	9,408,960	[6, 16, 22, 45, 99]	5
1/4	9,408,960	[6, 16, 22, 55, 81]	5
1/4	9,461,760	[7, 20, 22, 24, 128]	5
1/4	9,461,760	[10, 11, 14, 48, 128]	5
1/4	9,504,000	[9, 11, 15, 64, 100]	5
1/4	9,524,736	[9, 12, 13, 53, 128]	5
1/4	9,542,400	[7, 15, 20, 64, 71]	5
1/4	9,676,800	[7, 12, 32, 45, 80]	5
1/4	9,676,800	[7, 12, 40, 45, 64]	5
1/4	9,676,800	[7, 18, 24, 25, 128]	5
1/4	9,676,800	[9, 10, 15, 28, 256]	5
1/4	9,757,440	[7, 15, 32, 33, 88]	5
1/4	9,838,080	[7, 12, 30, 61, 64]	5
1/4	9,838,080	[7, 15, 24, 61, 64]	5
1/4	9,905,280	[5, 21, 67, 1408]	4
1/4	10,063,872	[7, 13, 36, 48, 64]	5
1/4	10,080,000	[6, 15, 25, 32, 140]	5
1/4	10,091,520	[5, 18, 146, 768]	4
1/4	10,160,640	[9, 10, 21, 24, 224]	5
1/4	10,160,640	[9, 10, 21, 28, 192]	5
1/4	10,188,864	[6, 16, 21, 38, 133]	5
1/4	10,221,120	[7, 9, 65, 2496]	4
1/4	10,311,840	[6, 16, 21, 33, 155]	5
1/4	10,311,840	[9, 11, 21, 32, 155]	5
1/4	10,348,128	[6, 16, 21, 59, 87]	5
1/4	10,348,800	[10, 11, 14, 35, 192]	5
1/4	10,402,560	[7, 15, 32, 36, 86]	5
1/4	10,402,560	[7, 15, 32, 43, 72]	5
1/4	10,433,280	[10, 11, 19, 39, 128]	5
1/4	10,483,200	[6, 15, 20, 64, 91]	5
1/4	10,542,720	[5, 19, 102, 1088]	4
1/4	10,593,792	[6, 19, 32, 33, 88]	5
1/4	10,644,480	[7, 18, 22, 24, 160]	5
1/4	10,644,480	[7, 18, 22, 32, 120]	5
1/4	10,644,480	[10, 11, 14, 54, 128]	5
1/4	10,686,816	[7, 19, 27, 32, 93]	5
1/4	10,713,600	[9, 10, 15, 31, 256]	5
1/4	10,881,024	[6, 22, 23, 56, 64]	5
1/4	10,881,024	[7, 12, 44, 46, 64]	5
1/4	10,886,400	[7, 16, 18, 45, 120]	5
1/4	10,902,528	[7, 12, 39, 52, 64]	5
1/4	10,929,600	[9, 11, 23, 30, 160]	5
1/4	11,067,840	[7, 15, 27, 61, 64]	5
1/4	11,160,000	[6, 15, 25, 32, 155]	5
1/4	11,162,880	[9, 15, 17, 19, 256]	5
1/4	11,182,080	[10, 12, 13, 28, 256]	5
1/4	11,182,080	[10, 13, 14, 24, 256]	5
1/4	11,289,600	[6, 15, 16, 56, 140]	5
1/4	11,289,600	[6, 21, 25, 28, 128]	5
1/4	11,381,760	[5, 19, 104, 1152]	4
1/4	11,404,800	[9, 11, 15, 40, 192]	5
1/4	11,477,760	[6, 14, 35, 61, 64]	5
1/4	11,499,840	[6, 16, 22, 45, 121]	5
1/4	11,578,752	[6, 19, 32, 46, 69]	5
1/4	11,644,416	[7, 12, 32, 57, 76]	5
1/4	11,708,928	[7, 12, 32, 44, 99]	5
1/4	11,778,624	[6, 16, 22, 39, 143]	5
1/4	11,886,336	[7, 12, 32, 66, 67]	5
1/4	12,022,560	[6, 15, 23, 33, 176]	5
1/4	12,046,848	[6, 22, 23, 62, 64]	5
1/4	12,196,800	[7, 15, 22, 33, 160]	5
1/4	12,196,800	[7, 15, 32, 33, 110]	5
1/4	12,446,784	[6, 9, 21, 98, 112]	5
1/4	12,499,200	[6, 15, 31, 32, 140]	5
1/4	12,499,200	[7, 15, 24, 32, 155]	5
1/4	12,579,840	[7, 9, 65, 3072]	4
1/4	12,579,840	[7, 13, 36, 60, 64]	5
1/4	12,579,840	[7, 13, 45, 48, 64]	5
1/4	12,579,840	[7, 15, 26, 64, 72]	5
1/4	12,579,840	[7, 9, 65, 3072]	4
1/4	12,579,840	[7, 13, 36, 60, 64]	5
1/4	12,579,840	[7, 13, 45, 48, 64]	5
1/4	12,579,840	[7, 15, 26, 64, 72]	5
1/4	12,640,320	[9, 11, 15, 64, 133]	5
1/4	12,700,800	[6, 9, 21, 80, 140]	5
1/4	12,719,616	[6, 14, 26, 64, 91]	5
1/4	12,960,000	[6, 9, 50, 64, 75]	5
1/4	13,009,920	[6, 14, 32, 55, 88]	5
1/4	13,009,920	[7, 12, 32, 55, 88]	5
1/4	13,020,000	[7, 15, 25, 32, 155]	5
1/4	13,099,968	[6, 16, 21, 38, 171]	5
1/4	13,147,904	[7, 22, 23, 29, 128]	5
1/4	13,172,544	[7, 16, 18, 66, 99]	5
1/4	13,207,040	[10, 11, 14, 67, 128]	5
1/4	13,208,832	[6, 9, 21, 104, 112]	5
1/4	13,242,240	[6, 19, 32, 33, 110]	5
1/4	13,305,600	[7, 18, 22, 32, 150]	5
1/4	13,436,640	[7, 15, 32, 43, 93]	5
1/4	13,455,360	[5, 18, 146, 1024]	4
1/4	13,547,520	[9, 10, 21, 28, 256]	5
1/4	13,585,152	[6, 14, 32, 38, 133]	5
1/4	13,628,160	[7, 9, 65, 3328]	4
1/4	13,789,440	[7, 15, 32, 38, 108]	5
1/4	13,867,392	[6, 14, 32, 67, 77]	5
1/4	13,870,080	[7, 15, 24, 32, 172]	5
1/4	13,939,200	[6, 15, 16, 88, 110]	5
1/4	13,970,880	[6, 9, 21, 110, 112]	5
1/4	14,054,400	[6, 15, 20, 61, 128]	5
1/4	14,100,480	[5, 18, 102, 1536]	4
1/4	14,112,000	[6, 15, 20, 35, 224]	5
1/4	14,224,896	[6, 9, 21, 98, 128]	5
1/4	14,332,416	[6, 14, 43, 62, 64]	5
1/4	14,446,080	[9, 11, 19, 48, 160]	5
1/4	14,515,200	[7, 15, 18, 80, 96]	5
1/4	14,515,200	[7, 15, 20, 36, 192]	5
1/4	14,636,160	[7, 12, 30, 33, 176]	5
1/4	14,636,160	[7, 15, 22, 33, 192]	5
1/4	14,636,160	[7, 15, 24, 33, 176]	5
1/4	14,757,120	[7, 12, 45, 61, 64]	5
1/4	14,784,000	[7, 12, 50, 55, 64]	5
1/4	14,883,840	[5, 19, 102, 1536]	4
1/4	15,048,000	[6, 19, 32, 55, 75]	5
1/4	15,206,400	[9, 11, 15, 40, 256]	5
1/4	15,321,600	[7, 12, 30, 38, 160]	5
1/4	15,367,968	[6, 9, 21, 77, 176]	5
1/4	15,544,320	[6, 20, 23, 44, 128]	5
1/4	15,544,320	[6, 22, 23, 40, 128]	5
1/4	15,590,400	[6, 20, 29, 35, 128]	5
1/4	15,603,840	[5, 18, 129, 1344]	4
1/4	15,704,640	[7, 15, 32, 38, 123]	5
1/4	15,724,800	[9, 13, 15, 28, 320]	5
1/4	15,773,952	[6, 19, 46, 47, 64]	5
1/4	15,876,000	[6, 9, 21, 80, 175]	5
1/4	15,966,720	[9, 11, 16, 84, 120]	5
1/4	15,975,360	[5, 18, 129, 1376]	4
1/4	16,030,080	[6, 22, 23, 33, 160]	5
1/4	16,130,016	[6, 9, 21, 112, 127]	5
1/4	16,251,840	[6, 19, 32, 55, 81]	5
1/4	16,257,024	[6, 9, 21, 64, 224]	5
1/4	16,343,040	[6, 19, 28, 40, 128]	5
1/4	16,343,040	[7, 12, 38, 40, 128]	5
1/4	16,402,176	[6, 9, 21, 113, 128]	5
1/4	16,511,040	[6, 9, 21, 80, 182]	5
1/4	16,606,080	[6, 15, 16, 93, 124]	5
1/4	16,695,360	[6, 15, 31, 32, 187]	5
1/4	16,711,680	[5, 17, 384, 512]	4
1/4	16,773,120	[7, 9, 65, 4096]	4
1/4	16,773,120	[7, 13, 30, 64, 96]	5
1/4	16,912,896	[7, 13, 33, 64, 88]	5
1/4	17,015,040	[7, 12, 30, 32, 211]	5
1/4	17,015,040	[7, 15, 24, 32, 211]	5
1/4	17,214,912	[6, 16, 22, 39, 209]	5
1/4	17,318,400	[6, 11, 82, 3200]	4
1/4	17,337,600	[7, 12, 30, 43, 160]	5
1/4	17,337,600	[7, 15, 20, 43, 192]	5
1/4	17,337,600	[7, 15, 24, 43, 160]	5
1/4	17,521,920	[6, 9, 39, 40, 208]	5
1/4	17,571,840	[6, 20, 22, 26, 256]	5
1/4	17,619,840	[7, 12, 32, 57, 115]	5
1/4	17,781,120	[6, 9, 21, 70, 224]	5
1/4	17,829,504	[7, 12, 32, 67, 99]	5
1/4	17,962,560	[7, 16, 27, 33, 180]	5
1/4	18,216,000	[6, 15, 23, 55, 160]	5
1/4	18,240,768	[7, 13, 36, 64, 87]	5
1/4	18,490,560	[6, 11, 103, 2720]	4
1/4	18,493,440	[6, 14, 40, 43, 128]	5
1/4	18,493,440	[7, 12, 40, 43, 128]	5
1/4	18,681,840	[6, 9, 15, 93, 248]	5
1/4	18,797,184	[6, 9, 21, 74, 224]	5
1/4	18,800,640	[5, 18, 136, 1536]	4
1/4	18,923,520	[6, 14, 22, 64, 160]	5
1/4	18,923,520	[6, 14, 22, 80, 128]	5
1/4	18,923,520	[7, 11, 48, 64, 80]	5
1/4	18,923,520	[10, 11, 12, 112, 128]	5
1/4	19,008,000	[9, 11, 24, 25, 320]	5
1/4	19,141,920	[6, 9, 21, 80, 211]	5
1/4	19,293,120	[9, 11, 21, 29, 320]	5
1/4	19,353,600	[7, 15, 18, 80, 128]	5
1/4	19,353,600	[7, 15, 20, 36, 256]	5
1/4	19,388,160	[9, 11, 16, 102, 120]	5
1/4	19,496,960	[5, 17, 448, 512]	4
1/4	19,514,880	[7, 12, 33, 44, 160]	5
1/4	19,681,920	[5, 18, 102, 2144]	4
1/4	19,756,800	[6, 15, 16, 56, 245]	5
1/4	19,837,440	[9, 10, 21, 41, 256]	5
1/4	19,850,880	[6, 14, 32, 35, 211]	5
1/4	19,863,360	[5, 19, 99, 2112]	4
1/4	19,958,400	[6, 14, 27, 55, 160]	5
1/4	19,958,400	[9, 11, 16, 105, 120]	5
1/4	20,180,160	[11, 13, 15, 21, 448]	5
1/4	20,227,200	[6, 14, 35, 43, 160]	5
1/4	20,500,480	[7, 20, 22, 26, 256]	5
1/4	20,629,728	[6, 16, 21, 27, 379]	5
1/4	20,757,600	[6, 15, 16, 93, 155]	5
1/4	20,793,600	[6, 15, 16, 76, 190]	5
1/4	20,793,600	[6, 15, 16, 95, 152]	5
1/4	20,908,800	[6, 9, 55, 80, 88]	5
1/4	20,951,040	[10, 11, 12, 124, 128]	5
1/4	21,095,424	[6, 9, 56, 64, 109]	5
1/4	21,095,424	[7, 12, 18, 64, 218]	5
1/4	21,098,880	[9, 11, 16, 111, 120]	5
1/4	21,312,000	[6, 15, 25, 37, 256]	5
1/4	21,585,920	[5, 17, 496, 512]	4
1/4	21,591,360	[6, 9, 21, 70, 272]	5
1/4	21,591,360	[6, 9, 21, 85, 224]	5
1/4	21,805,056	[7, 12, 32, 39, 208]	5
1/4	21,934,080	[5, 17, 504, 512]	4
1/4	21,954,240	[7, 12, 33, 45, 176]	5
1/4	22,041,600	[7, 15, 20, 41, 256]	5
1/4	22,084,608	[6, 14, 26, 79, 128]	5
1/4	22,108,160	[5, 17, 508, 512]	4
1/4	22,176,000	[7, 15, 22, 50, 192]	5
1/4	22,238,720	[5, 17, 511, 512]	4
1/4	22,453,200	[7, 16, 27, 33, 225]	5
1/4	22,767,360	[6, 14, 22, 77, 160]	5
1/4	22,852,800	[6, 15, 16, 69, 230]	5
1/4	22,865,920	[7, 20, 22, 29, 256]	5
1/4	22,999,680	[6, 9, 44, 80, 121]	5
1/4	23,063,040	[7, 13, 33, 64, 120]	5
1/4	23,355,648	[6, 9, 62, 64, 109]	5
1/4	23,595,264	[6, 19, 21, 44, 224]	5
1/4	23,654,400	[7, 11, 60, 64, 80]	5
1/4	24,272,640	[6, 15, 16, 56, 301]	5
1/4	24,330,240	[9, 11, 12, 128, 160]	5
1/4	24,393,600	[6, 15, 16, 110, 154]	5
1/4	24,482,304	[7, 12, 18, 64, 253]	5
1/4	24,482,304	[7, 18, 23, 24, 352]	5
1/4	24,482,304	[7, 18, 23, 32, 264]	5
1/4	24,760,320	[6, 20, 26, 31, 256]	5
1/4	25,006,080	[6, 20, 22, 37, 256]	5
1/4	25,043,040	[6, 15, 16, 93, 187]	5
1/4	25,067,520	[5, 18, 136, 2048]	4
1/4	25,090,560	[9, 10, 12, 66, 352]	5
1/4	25,159,680	[7, 13, 30, 64, 144]	5
1/4	25,344,000	[6, 15, 22, 32, 400]	5
1/4	25,401,600	[9, 10, 12, 105, 224]	5
1/4	25,444,800	[6, 19, 31, 45, 160]	5
1/4	25,470,720	[5, 18, 134, 2112]	4
1/4	25,522,560	[7, 12, 32, 45, 211]	5
1/4	25,681,920	[6, 19, 22, 64, 160]	5
1/4	25,681,920	[6, 19, 22, 80, 128]	5
1/4	25,920,000	[6, 9, 32, 75, 200]	5
1/4	25,945,920	[7, 13, 33, 64, 135]	5
1/4	26,006,400	[7, 12, 43, 45, 160]	5
1/4	26,006,400	[7, 15, 18, 86, 160]	5
1/4	26,199,936	[7, 12, 18, 57, 304]	5
1/4	26,484,480	[5, 19, 99, 2816]	4
1/4	26,611,200	[6, 9, 55, 70, 128]	5
1/4	26,611,200	[9, 11, 12, 140, 160]	5
1/4	26,625,600	[6, 15, 16, 86, 215]	5
1/4	26,664,960	[6, 14, 20, 124, 128]	5
1/4	26,664,960	[6, 14, 31, 64, 160]	5
1/4	26,664,960	[6, 14, 31, 80, 128]	5
1/4	26,664,960	[7, 12, 20, 124, 128]	5
1/4	26,664,960	[7, 12, 31, 64, 160]	5
1/4	26,664,960	[7, 12, 31, 80, 128]	5
1/4	26,695,680	[10, 11, 12, 128, 158]	5
1/4	26,732,160	[6, 9, 64, 85, 91]	5
1/4	27,023,360	[10, 13, 14, 29, 512]	5
1/4	27,046,656	[9, 12, 13, 43, 448]	5
1/4	27,202,560	[7, 15, 23, 64, 176]	5
1/4	27,202,560	[7, 22, 23, 24, 320]	5
1/4	28,387,584	[6, 9, 32, 111, 148]	5
1/4	28,449,792	[6, 9, 21, 64, 392]	5
1/4	28,562,688	[6, 14, 21, 64, 253]	5
1/4	28,562,688	[6, 21, 23, 28, 352]	5
1/4	28,892,160	[5, 19, 99, 3072]	4
1/4	28,892,160	[9, 11, 12, 152, 160]	5
1/4	29,245,440	[5, 17, 336, 1024]	4
1/4	29,272,320	[7, 15, 18, 121, 128]	5
1/4	29,494,080	[5, 19, 99, 3136]	4
1/4	29,568,000	[7, 11, 60, 64, 100]	5
1/4	29,568,000	[7, 11, 64, 75, 80]	5
1/4	29,568,000	[7, 15, 22, 64, 200]	5
1/4	29,680,640	[5, 17, 341, 1024]	4
1/4	29,859,840	[5, 32, 48, 54, 72]	5
1/4	29,942,784	[6, 9, 32, 57, 304]	5
1/4	30,136,320	[6, 9, 40, 109, 128]	5
1/4	30,412,800	[9, 11, 12, 128, 200]	5
1/4	30,535,680	[6, 14, 20, 128, 142]	5
1/4	30,602,880	[7, 18, 23, 32, 330]	5
1/4	30,965,760	[7, 10, 64, 72, 96]	5
1/4	31,190,400	[6, 15, 16, 57, 380]	5
1/4	31,449,600	[7, 15, 26, 36, 320]	5
1/4	31,497,984	[6, 9, 21, 64, 434]	5
1/4	32,313,600	[9, 11, 17, 75, 256]	5
1/4	32,400,000	[6, 9, 32, 75, 250]	5
1/4	32,497,920	[7, 13, 30, 64, 186]	5
1/4	32,686,080	[6, 19, 20, 112, 128]	5
1/4	32,749,920	[7, 15, 18, 57, 304]	5
1/4	32,901,120	[9, 10, 21, 34, 512]	5
1/4	33,264,000	[7, 11, 45, 60, 160]	5
1/4	33,313,280	[7, 11, 52, 64, 130]	5
1/4	33,313,280	[7, 11, 64, 65, 104]	5
1/4	33,331,200	[6, 25, 28, 31, 256]	5
1/4	33,623,040	[10, 11, 12, 128, 199]	5
1/4	33,784,128	[6, 19, 27, 32, 343]	5
1/4	33,834,240	[6, 9, 55, 89, 128]	5
1/4	33,929,280	[9, 11, 16, 84, 255]	5
1/4	33,929,280	[9, 11, 16, 102, 210]	5
1/4	33,929,280	[9, 11, 16, 105, 204]	5
1/4	33,960,960	[5, 18, 134, 2816]	4
1/4	34,382,880	[6, 15, 16, 63, 379]	5
1/4	34,664,448	[7, 12, 26, 124, 128]	5
1/4	34,836,480	[5, 32, 48, 63, 72]	5
1/4	34,997,760	[6, 20, 21, 31, 448]	5
1/4	35,020,800	[6, 15, 19, 128, 160]	5
1/4	35,089,200	[6, 9, 15, 57, 760]	5
1/4	35,481,600	[7, 11, 40, 60, 192]	5
1/4	35,481,600	[7, 11, 48, 60, 160]	5
1/4	35,562,240	[9, 10, 12, 147, 224]	5
1/4	35,640,000	[9, 11, 12, 75, 400]	5
1/4	35,703,360	[6, 15, 16, 154, 161]	5
1/4	35,819,520	[10, 11, 12, 106, 256]	5
1/4	35,858,592	[6, 9, 49, 77, 176]	5
1/4	36,126,720	[5, 42, 48, 56, 64]	5
1/4	36,188,160	[6, 19, 20, 124, 128]	5
1/4	36,388,800	[6, 15, 16, 95, 266]	5
1/4	36,388,800	[6, 15, 16, 133, 190]	5
1/4	36,633,600	[6, 9, 32, 80, 265]	5
1/4	36,650,880	[6, 9, 21, 64, 505]	5
1/4	36,664,320	[6, 14, 22, 64, 310]	5
1/4	36,664,320	[7, 11, 48, 64, 155]	5
1/4	36,723,456	[7, 12, 27, 64, 253]	5
1/4	36,923,040	[9, 11, 16, 111, 210]	5
1/4	37,086,336	[6, 9, 21, 73, 448]	5
1/4	37,215,360	[7, 13, 30, 64, 213]	5
1/4	37,275,840	[6, 15, 16, 86, 301]	5
1/4	37,463,040	[6, 9, 32, 80, 271]	5
1/4	37,463,040	[6, 9, 40, 64, 271]	5
1/4	37,477,440	[7, 11, 64, 65, 117]	5
1/4	37,537,920	[5, 19, 98, 4032]	4
1/4	37,601,280	[5, 17, 288, 1536]	4
1/4	37,825,920	[9, 11, 12, 160, 199]	5
1/4	37,847,040	[7, 11, 40, 96, 128]	5
1/4	38,016,000	[9, 11, 12, 100, 320]	5
1/4	38,304,000	[6, 15, 19, 140, 160]	5
1/4	38,332,800	[6, 15, 16, 121, 220]	5
1/4	38,438,400	[7, 11, 60, 64, 130]	5
1/4	38,438,400	[7, 11, 64, 65, 120]	5
1/4	38,438,400	[7, 13, 30, 55, 256]	5
1/4	38,563,776	[6, 9, 32, 129, 173]	5
1/4	38,579,328	[6, 9, 32, 122, 183]	5
1/4	38,610,432	[12, 14, 18, 19, 21, 32]	6
1/4	38,664,192	[6, 14, 29, 124, 128]	5
1/4	38,664,192	[7, 12, 29, 124, 128]	5
1/4	38,988,000	[6, 15, 16, 57, 475]	5
1/4	38,997,504	[7, 13, 27, 124, 128]	5
1/4	39,009,600	[6, 9, 32, 75, 301]	5
1/4	39,299,904	[7, 12, 27, 57, 304]	5
1/4	39,372,480	[6, 9, 21, 62, 560]	5
1/4	39,424,000	[7, 11, 50, 64, 160]	5
1/4	39,507,840	[6, 15, 16, 76, 361]	5
1/4	39,513,600	[6, 15, 20, 49, 448]	5
1/4	39,536,640	[9, 11, 12, 104, 320]	5
1/4	39,621,120	[7, 11, 64, 67, 120]	5
1/4	39,690,240	[5, 17, 304, 1536]	4
1/4	39,783,744	[7, 18, 23, 32, 429]	5
1/4	39,916,800	[7, 11, 45, 60, 192]	5
1/4	39,916,800	[7, 11, 54, 60, 160]	5
1/4	39,940,992	[7, 13, 27, 127, 128]	5
1/4	40,081,920	[5, 17, 307, 1536]	4
1/4	40,212,480	[7, 11, 48, 85, 128]	5
1/4	40,296,960	[9, 11, 12, 128, 265]	5
1/4	40,642,560	[5, 32, 48, 63, 84]	5
1/4	40,803,840	[7, 15, 23, 48, 352]	5
1/4	41,247,360	[9, 11, 12, 155, 224]	5
1/4	41,441,280	[6, 19, 20, 128, 142]	5
1/4	41,664,000	[6, 14, 31, 125, 128]	5
1/4	41,664,000	[7, 12, 31, 125, 128]	5
1/4	41,733,120	[11, 12, 13, 38, 640]	5
1/4	41,932,800	[7, 13, 24, 60, 320]	5
1/4	41,932,800	[7, 13, 30, 40, 384]	5
1/4	41,932,800	[7, 13, 30, 48, 320]	5
1/4	42,007,680	[6, 9, 55, 64, 221]	5
1/4	42,024,960	[5, 36, 48, 64, 76]	5
1/4	42,024,960	[5, 38, 48, 64, 72]	5
1/4	42,134,400	[7, 11, 57, 60, 160]	5
1/4	42,147,840	[5, 48, 49, 56, 64]	5
1/4	42,147,840	[6, 10, 64, 98, 112]	5
1/4	42,247,296	[7, 12, 32, 39, 403]	5
1/4	42,408,000	[6, 15, 19, 155, 160]	5
1/4	42,477,120	[6, 15, 16, 98, 301]	5
1/4	42,873,600	[7, 11, 60, 64, 145]	5
1/4	42,900,480	[5, 19, 98, 4608]	4
1/4	42,900,480	[6, 19, 21, 40, 448]	5
1/4	43,228,800	[6, 15, 19, 158, 160]	5
1/4	43,243,200	[7, 11, 64, 65, 135]	5
1/4	43,366,400	[7, 10, 55, 64, 176]	5
1/4	43,545,600	[7, 10, 45, 72, 192]	5
1/4	43,545,600	[9, 12, 16, 21, 30, 40]	6
1/4	43,545,600	[9, 12, 20, 21, 30, 32]	6
1/4	43,545,600	[9, 15, 16, 21, 24, 40]	6
1/4	43,545,600	[9, 15, 20, 21, 24, 32]	6
1/4	43,776,000	[6, 15, 19, 128, 200]	5
1/4	44,098,560	[9, 11, 12, 145, 256]	5
1/4	44,169,216	[7, 12, 26, 128, 158]	5
1/4	44,193,600	[9, 11, 16, 93, 300]	5
1/4	44,352,000	[6, 15, 22, 32, 700]	5
1/4	44,352,000	[7, 11, 48, 75, 160]	5
1/4	44,352,000	[7, 11, 50, 60, 192]	5
1/4	44,475,200	[7, 11, 38, 95, 160]	5
1/4	44,573,760	[7, 11, 64, 67, 135]	5
1/4	44,728,320	[7, 12, 26, 80, 256]	5
1/4	44,728,320	[7, 13, 24, 80, 256]	5
1/4	44,943,360	[6, 19, 22, 64, 280]	5
1/4	44,943,360	[10, 11, 12, 133, 256]	5
1/4	45,087,840	[6, 9, 21, 71, 560]	5
1/4	45,158,400	[6, 10, 64, 105, 112]	5
1/4	45,158,400	[6, 15, 20, 49, 512]	5
1/4	45,239,040	[7, 11, 54, 85, 128]	5
1/4	45,373,440	[6, 14, 20, 128, 211]	5
1/4	45,373,440	[7, 12, 20, 128, 211]	5
1/4	45,427,200	[7, 10, 64, 65, 156]	5
1/4	45,427,200	[7, 12, 26, 65, 320]	5
1/4	45,661,440	[6, 22, 23, 47, 320]	5
1/4	45,830,400	[7, 11, 62, 64, 150]	5
1/4	45,964,800	[7, 15, 19, 144, 160]	5
1/4	45,964,800	[9, 14, 19, 25, 768]	5
1/4	46,867,680	[6, 15, 16, 57, 571]	5
1/4	47,234,880	[6, 9, 55, 71, 224]	5
1/4	47,305,440	[6, 15, 16, 133, 247]	5
1/4	47,398,400	[7, 10, 64, 92, 115]	5
1/4	47,416,320	[5, 32, 56, 63, 84]	5
1/4	47,520,000	[6, 9, 50, 55, 320]	5
1/4	47,554,560	[5, 36, 48, 64, 86]	5
1/4	47,900,160	[11, 16, 18, 21, 24, 30]	6
1/4	47,916,000	[6, 15, 16, 121, 275]	5
1/4	48,787,200	[7, 10, 55, 66, 192]	5
1/4	48,787,200	[7, 15, 20, 33, 704]	5
1/4	48,935,040	[7, 15, 22, 64, 331]	5
1/4	48,988,800	[7, 10, 45, 81, 192]	5
1/4	49,213,440	[9, 10, 12, 178, 256]	5
1/4	49,265,664	[7, 12, 29, 128, 158]	5
1/4	49,384,800	[6, 15, 16, 95, 361]	5
1/4	49,758,720	[6, 19, 22, 64, 310]	5
1/4	49,889,280	[6, 14, 29, 80, 256]	5
1/4	49,889,280	[7, 12, 29, 80, 256]	5
1/4	49,939,200	[6, 15, 16, 51, 680]	5
1/4	49,969,920	[7, 11, 52, 64, 195]	5
1/4	50,135,040	[5, 17, 288, 2048]	4
1/4	50,319,360	[5, 36, 48, 64, 91]	5
1/4	50,319,360	[7, 13, 27, 80, 256]	5
1/4	50,561,280	[9, 11, 12, 133, 320]	5
1/4	50,736,000	[7, 10, 64, 75, 151]	5
1/4	50,831,360	[5, 17, 292, 2048]	4
1/4	50,856,960	[7, 11, 43, 96, 160]	5
1/4	51,321,600	[11, 12, 16, 18, 30, 45]	6
1/4	51,528,960	[7, 15, 18, 71, 384]	5
1/4	51,638,400	[6, 15, 22, 32, 815]	5
1/4	51,916,800	[6, 10, 65, 104, 128]	5
1/4	51,955,200	[6, 15, 22, 41, 640]	5
1/4	52,254,720	[5, 32, 48, 54, 126]	5
1/4	52,254,720	[5, 32, 48, 63, 108]	5
1/4	52,254,720	[7, 10, 54, 72, 192]	5
1/4	52,257,600	[6, 15, 19, 160, 191]	5
1/4	52,272,000	[6, 9, 44, 55, 400]	5
1/4	52,272,000	[6, 9, 50, 55, 352]	5
1/4	52,399,872	[6, 9, 32, 57, 532]	5
1/4	52,469,760	[7, 12, 20, 122, 256]	5
1/4	52,550,400	[7, 10, 69, 85, 128]	5
1/4	52,690,176	[9, 16, 21, 22, 24, 33]	6
1/4	52,850,688	[6, 22, 23, 34, 512]	5
1/4	53,222,400	[7, 11, 36, 120, 160]	5
1/4	53,222,400	[7, 11, 40, 90, 192]	5
1/4	53,222,400	[7, 11, 45, 80, 192]	5
1/4	53,289,600	[7, 10, 64, 65, 183]	5
1/4	53,328,000	[6, 11, 101, 8000]	4
1/4	53,329,920	[6, 10, 62, 112, 128]	5
1/4	53,329,920	[7, 10, 62, 96, 128]	5
1/4	53,437,440	[5, 42, 56, 64, 71]	5
1/4	53,464,320	[7, 13, 27, 85, 256]	5
1/4	53,706,240	[9, 10, 21, 37, 768]	5
1/4	54,093,312	[7, 13, 36, 43, 384]	5
1/4	54,512,640	[5, 39, 48, 64, 91]	5
1/4	54,720,000	[6, 15, 19, 100, 320]	5
1/4	54,743,040	[5, 44, 48, 64, 81]	5
1/4	54,759,936	[6, 14, 22, 64, 463]	5
1/4	54,792,192	[6, 13, 64, 98, 112]	5
1/4	54,996,480	[7, 11, 45, 124, 128]	5
1/4	55,157,760	[14, 15, 18, 19, 24, 32]	6
1/4	55,242,000	[9, 11, 16, 93, 375]	5
1/4	55,244,160	[5, 18, 139, 4416]	4
1/4	55,449,600	[6, 10, 64, 95, 152]	5
1/4	55,480,320	[5, 42, 48, 64, 86]	5
1/4	55,480,320	[5, 43, 48, 64, 84]	5
1/4	55,741,440	[6, 19, 20, 128, 191]	5
1/4	55,756,800	[6, 10, 64, 88, 165]	5
1/4	55,910,400	[6, 13, 70, 80, 128]	5
1/4	56,246,400	[6, 9, 15, 217, 320]	5
1/4	56,327,040	[7, 11, 45, 127, 128]	5
1/4	56,515,200	[7, 10, 64, 87, 145]	5
1/4	56,548,800	[7, 11, 45, 85, 192]	5
1/4	56,663,040	[7, 15, 31, 34, 512]	5
1/4	56,908,800	[6, 15, 19, 104, 320]	5
1/4	57,142,272	[6, 19, 22, 89, 256]	5
1/4	57,343,104	[7, 12, 32, 39, 547]	5
1/4	57,507,840	[5, 36, 48, 52, 128]	5
1/4	57,567,744	[6, 13, 64, 93, 124]	5
1/4	57,657,600	[7, 11, 39, 120, 160]	5
1/4	57,741,120	[5, 18, 123, 5216]	4
1/4	57,879,360	[9, 11, 16, 87, 420]	5
1/4	57,915,648	[12, 14, 19, 21, 27, 32]	6
1/4	58,003,200	[6, 15, 19, 106, 320]	5
1/4	58,014,144	[6, 9, 32, 57, 589]	5
1/4	58,060,800	[7, 10, 45, 64, 288]	5
1/4	58,060,800	[7, 10, 45, 72, 256]	5
1/4	58,129,920	[6, 9, 32, 145, 232]	5
1/4	58,406,400	[6, 9, 32, 104, 325]	5
1/4	58,544,640	[7, 18, 20, 33, 704]	5
1/4	58,544,640	[12, 14, 15, 22, 32, 33]	6
1/4	58,601,088	[7, 12, 39, 43, 416]	5
1/4	58,786,560	[5, 27, 63, 72, 96]	5
1/4	58,924,800	[9, 11, 25, 31, 768]	5
1/4	59,136,000	[7, 11, 50, 64, 240]	5
1/4	59,265,024	[7, 12, 26, 106, 256]	5
1/4	59,996,160	[9, 10, 12, 217, 256]	5
1/4	60,963,840	[5, 32, 63, 72, 84]	5
1/4	61,071,360	[6, 10, 56, 128, 142]	5
1/4	61,071,360	[7, 10, 71, 96, 128]	5
1/4	61,102,080	[9, 10, 12, 128, 442]	5
1/4	61,205,760	[7, 11, 45, 92, 192]	5
1/4	61,286,400	[9, 14, 19, 25, 1024]	5
1/4	61,585,920	[11, 15, 16, 24, 27, 36]	6
1/4	61,776,000	[6, 9, 50, 55, 416]	5
1/4	61,931,520	[5, 28, 64, 72, 96]	5
1/4	62,300,160	[5, 39, 48, 52, 128]	5
1/4	62,343,680	[5, 49, 56, 64, 71]	5
1/4	62,380,800	[9, 10, 12, 95, 608]	5
1/4	62,657,280	[9, 10, 21, 37, 896]	5
1/4	62,789,760	[6, 15, 22, 32, 991]	5
1/4	62,877,696	[6, 14, 34, 43, 512]	5
1/4	62,899,200	[7, 13, 24, 90, 320]	5
1/4	63,037,440	[5, 38, 48, 64, 108]	5
1/4	63,037,440	[5, 38, 54, 64, 96]	5
1/4	63,378,432	[6, 13, 64, 69, 184]	5
1/4	63,504,000	[6, 10, 45, 105, 224]	5
1/4	63,504,000	[6, 10, 63, 75, 224]	5
1/4	63,504,000	[9, 15, 20, 21, 32, 35]	6
1/4	63,598,080	[5, 39, 56, 64, 91]	5
1/4	63,866,880	[9, 12, 22, 28, 30, 32]	6
1/4	63,866,880	[11, 14, 18, 24, 30, 32]	6
1/4	63,942,912	[6, 9, 32, 116, 319]	5
1/4	64,108,800	[6, 9, 32, 140, 265]	5
1/4	64,120,320	[6, 20, 23, 33, 704]	5
1/4	64,143,360	[5, 36, 48, 58, 128]	5
1/4	64,471,680	[9, 13, 14, 64, 615]	5
1/4	64,588,800	[6, 10, 58, 128, 145]	5
1/4	65,007,360	[11, 12, 16, 18, 30, 57]	6
1/4	65,049,600	[6, 10, 55, 128, 154]	5
1/4	65,167,872	[6, 19, 29, 77, 256]	5
1/4	65,372,160	[7, 10, 48, 128, 152]	5
1/4	65,495,040	[10, 12, 13, 41, 1024]	5
1/4	65,520,000	[6, 13, 64, 75, 175]	5
1/4	65,560,320	[6, 9, 32, 140, 271]	5
1/4	66,103,296	[7, 12, 29, 106, 256]	5
1/4	66,163,968	[6, 13, 64, 94, 141]	5
1/4	67,254,528	[6, 19, 22, 64, 419]	5
1/4	67,415,040	[10, 11, 19, 28, 1152]	5
1/4	67,461,120	[5, 36, 48, 61, 128]	5
1/4	67,469,760	[6, 9, 32, 57, 685]	5
1/4	68,140,800	[7, 10, 64, 78, 195]	5
1/4	68,160,960	[5, 49, 63, 64, 69]	5
1/4	68,490,240	[6, 13, 64, 98, 140]	5
1/4	68,567,040	[5, 31, 64, 72, 96]	5
1/4	68,597,760	[6, 14, 22, 58, 640]	5
1/4	68,705,280	[5, 36, 64, 71, 84]	5
1/4	68,705,280	[5, 42, 64, 71, 72]	5
1/4	68,705,280	[9, 10, 12, 142, 448]	5
1/4	68,859,648	[6, 19, 26, 33, 704]	5
1/4	69,189,120	[7, 11, 36, 156, 160]	5
1/4	69,189,120	[7, 11, 39, 144, 160]	5
1/4	69,242,688	[6, 9, 37, 57, 608]	5
1/4	69,328,896	[6, 13, 62, 112, 128]	5
1/4	69,672,960	[7, 10, 54, 72, 256]	5
1/4	69,854,400	[9, 11, 15, 35, 1344]	5
1/4	69,888,000	[7, 13, 25, 80, 384]	5
1/4	69,977,600	[7, 11, 50, 71, 256]	5
1/4	70,087,680	[5, 39, 52, 54, 128]	5
1/4	70,113,600	[6, 9, 15, 160, 541]	5
1/4	70,136,640	[5, 49, 63, 64, 71]	5
1/4	70,156,800	[6, 9, 32, 145, 280]	5
1/4	70,253,568	[9, 12, 22, 28, 32, 33]	6
1/4	70,287,360	[10, 11, 13, 192, 256]	5
1/4	70,533,120	[6, 14, 20, 82, 512]	5
1/4	70,917,120	[5, 32, 48, 54, 171]	5
1/4	70,917,120	[5, 32, 54, 72, 114]	5
1/4	70,917,120	[5, 32, 57, 72, 108]	5
1/4	70,963,200	[7, 15, 20, 33, 1024]	5
1/4	71,001,600	[6, 10, 64, 86, 215]	5
1/4	71,385,600	[10, 11, 12, 65, 832]	5
1/4	71,547,840	[5, 39, 63, 64, 91]	5
1/4	71,554,560	[7, 10, 64, 121, 132]	5
1/4	71,608,320	[7, 18, 20, 37, 768]	5
1/4	71,971,200	[6, 10, 51, 105, 224]	5
1/4	72,072,000	[7, 11, 39, 150, 160]	5
1/4	72,124,416	[7, 13, 36, 43, 512]	5
1/4	72,253,440	[5, 24, 64, 84, 112]	5
1/4	72,349,200	[9, 11, 16, 87, 525]	5
1/4	72,576,000	[9, 12, 15, 32, 35, 40]	6
1/4	72,683,520	[6, 10, 91, 104, 128]	5
1/4	72,832,320	[6, 15, 19, 121, 352]	5
1/4	72,852,480	[5, 17, 279, 3072]	4
1/4	72,864,000	[6, 15, 23, 44, 800]	5
1/4	73,543,680	[5, 36, 56, 64, 114]	5
1/4	73,543,680	[5, 38, 48, 64, 126]	5
1/4	73,543,680	[7, 10, 64, 72, 228]	5
1/4	73,543,680	[7, 15, 18, 64, 608]	5
1/4	73,658,880	[5, 18, 139, 5888]	4
1/4	73,681,920	[9, 12, 13, 41, 1280]	5
1/4	73,758,720	[5, 32, 42, 98, 112]	5
1/4	73,758,720	[5, 32, 49, 84, 112]	5
1/4	73,973,760	[5, 43, 48, 56, 128]	5
1/4	73,973,760	[7, 10, 48, 128, 172]	5
1/4	74,360,832	[6, 13, 64, 112, 133]	5
1/4	74,511,360	[11, 12, 21, 28, 30, 32]	6
1/4	74,511,360	[11, 14, 18, 24, 32, 35]	6
1/4	74,511,360	[11, 15, 21, 24, 28, 32]	6
1/4	74,787,840	[9, 10, 12, 128, 541]	5
1/4	74,833,920	[5, 42, 48, 58, 128]	5
1/4	75,160,320	[5, 37, 46, 69, 128]	5
1/4	75,828,480	[5, 42, 62, 64, 91]	5
1/4	75,878,400	[6, 13, 80, 95, 128]	5
1/4	76,003,200	[6, 13, 64, 87, 175]	5
1/4	76,204,800	[9, 12, 15, 21, 28, 80]	6
1/4	76,204,800	[9, 12, 16, 21, 30, 70]	6
1/4	76,204,800	[9, 15, 16, 21, 24, 70]	6
1/4	76,384,000	[7, 11, 50, 64, 310]	5
1/4	76,396,320	[7, 11, 39, 159, 160]	5
1/4	76,826,880	[9, 15, 16, 24, 38, 39]	6
1/4	76,982,400	[11, 12, 16, 27, 30, 45]	6
1/4	77,051,520	[5, 32, 63, 84, 91]	5
1/4	77,220,864	[9, 12, 21, 28, 32, 38]	6
1/4	77,220,864	[9, 14, 21, 24, 32, 38]	6
1/4	77,220,864	[9, 19, 21, 24, 28, 32]	6
1/4	77,276,160	[5, 36, 64, 78, 86]	5
1/4	77,629,440	[6, 10, 64, 133, 152]	5
1/4	77,875,200	[6, 10, 52, 128, 195]	5
1/4	78,059,520	[7, 12, 20, 66, 704]	5
1/4	78,274,560	[6, 13, 64, 70, 224]	5
1/4	78,374,400	[6, 10, 65, 128, 157]	5
1/4	78,382,080	[5, 27, 63, 72, 128]	5
1/4	78,474,240	[5, 39, 48, 64, 131]	5
1/4	78,566,400	[9, 11, 25, 31, 1024]	5
1/4	78,704,640	[5, 42, 48, 61, 128]	5
1/4	78,796,800	[10, 15, 18, 19, 24, 64]	6
1/4	78,883,840	[7, 10, 71, 124, 128]	5
1/4	79,242,240	[7, 11, 48, 67, 320]	5
1/4	79,392,768	[6, 13, 56, 128, 142]	5
1/4	79,872,000	[6, 13, 50, 128, 160]	5
1/4	79,994,880	[5, 31, 64, 84, 96]	5
1/4	80,248,320	[5, 32, 54, 72, 129]	5
1/4	81,285,120	[5, 24, 36, 84, 224]	5
1/4	81,285,120	[5, 28, 42, 72, 192]	5
1/4	81,285,120	[5, 36, 42, 48, 224]	5
1/4	81,285,120	[5, 36, 42, 56, 192]	5
1/4	81,285,120	[9, 12, 20, 21, 28, 64]	6
1/4	81,312,000	[6, 14, 22, 55, 800]	5
1/4	81,319,680	[6, 13, 45, 128, 181]	5
1/4	81,587,520	[7, 15, 18, 71, 608]	5
1/4	81,776,640	[6, 10, 64, 121, 176]	5
1/4	81,849,600	[6, 10, 64, 105, 203]	5
1/4	82,001,920	[10, 11, 13, 224, 256]	5
1/4	82,494,720	[7, 11, 36, 155, 192]	5
1/4	82,978,560	[5, 32, 56, 63, 147]	5
1/4	83,064,960	[9, 11, 12, 115, 608]	5
1/4	83,064,960	[12, 15, 19, 23, 32, 33]	6
1/4	83,174,400	[6, 10, 64, 76, 285]	5
1/4	83,220,480	[5, 36, 56, 64, 129]	5
1/4	83,220,480	[7, 10, 64, 72, 258]	5
1/4	83,635,200	[10, 12, 15, 22, 33, 64]	6
1/4	83,798,400	[7, 10, 64, 87, 215]	5
1/4	84,188,160	[5, 42, 54, 58, 128]	5
1/4	84,499,200	[6, 10, 64, 135, 163]	5
1/4	84,564,480	[5, 33, 64, 88, 91]	5
1/4	84,913,920	[7, 10, 54, 117, 192]	5
1/4	84,925,440	[5, 19, 97, 9216]	4
1/4	84,954,240	[5, 42, 49, 64, 129]	5
1/4	85,075,200	[6, 10, 64, 105, 211]	5
1/4	85,155,840	[7, 11, 40, 72, 384]	5
1/4	85,857,408	[6, 9, 28, 208, 273]	5
1/4	86,501,376	[6, 13, 57, 64, 304]	5
1/4	86,561,280	[6, 10, 51, 128, 221]	5
1/4	86,661,120	[6, 10, 91, 124, 128]	5
1/4	86,676,480	[5, 38, 64, 66, 108]	5
1/4	86,929,920	[11, 12, 21, 28, 32, 35]	6
1/4	87,077,760	[7, 11, 38, 155, 192]	5
1/4	87,091,200	[7, 10, 45, 64, 432]	5
1/4	87,104,160	[9, 11, 16, 78, 705]	5
1/4	87,120,000	[6, 10, 55, 75, 352]	5
1/4	87,260,160	[6, 13, 76, 115, 128]	5
1/4	87,333,120	[5, 36, 57, 64, 133]	5
1/4	87,360,000	[6, 13, 70, 125, 128]	5
1/4	87,381,504	[9, 12, 21, 28, 32, 43]	6
1/4	87,381,504	[9, 14, 21, 24, 32, 43]	6
1/4	87,393,600	[6, 15, 16, 51, 1190]	5
1/4	87,472,000	[7, 11, 50, 64, 355]	5
1/4	87,696,000	[6, 9, 32, 145, 350]	5
1/4	87,816,960	[9, 15, 22, 28, 32, 33]	6
1/4	87,901,632	[6, 9, 43, 91, 416]	5
1/4	88,338,432	[6, 13, 79, 112, 128]	5
1/4	88,542,720	[5, 42, 54, 61, 128]	5
1/4	88,542,720	[7, 15, 27, 32, 976]	5
1/4	88,704,000	[7, 15, 22, 48, 800]	5
1/4	88,905,600	[6, 10, 45, 147, 224]	5
1/4	89,041,920	[6, 10, 62, 128, 187]	5
1/4	89,157,120	[6, 13, 94, 95, 128]	5
1/4	89,210,880	[5, 24, 64, 88, 132]	5
1/4	89,210,880	[5, 33, 48, 64, 176]	5
1/4	89,456,640	[6, 13, 56, 80, 256]	5
1/4	89,456,640	[7, 10, 48, 104, 256]	5
1/4	89,456,640	[7, 10, 52, 96, 256]	5
1/4	89,510,400	[7, 15, 20, 37, 1152]	5
1/4	89,812,800	[11, 16, 18, 21, 30, 45]	6
1/4	90,478,080	[6, 9, 32, 88, 595]	5
1/4	90,720,000	[9, 12, 15, 32, 35, 50]	6
1/4	90,746,880	[6, 10, 56, 128, 211]	5
1/4	90,746,880	[7, 10, 48, 128, 211]	5
1/4	90,787,840	[10, 11, 13, 248, 256]	5
1/4	90,854,400	[7, 10, 52, 65, 384]	5
1/4	90,970,880	[7, 10, 71, 128, 143]	5
1/4	91,069,440	[6, 14, 20, 77, 704]	5
1/4	91,203,840	[5, 36, 64, 87, 91]	5
1/4	91,238,400	[9, 12, 20, 22, 30, 64]	6
1/4	91,238,400	[11, 15, 18, 20, 24, 64]	6
1/4	91,392,000	[6, 17, 35, 50, 512]	5
1/4	91,553,280	[6, 13, 70, 128, 131]	5
1/4	91,832,832	[7, 13, 27, 73, 512]	5
1/4	91,914,240	[10, 11, 12, 68, 1024]	5
1/4	91,929,600	[7, 15, 19, 80, 576]	5
1/4	91,929,600	[10, 15, 19, 21, 24, 64]	6
1/4	92,178,240	[7, 11, 43, 87, 320]	5
1/4	92,252,160	[10, 11, 13, 252, 256]	5
1/4	92,897,280	[5, 27, 64, 96, 112]	5
1/4	92,951,040	[5, 39, 56, 64, 133]	5
1/4	92,951,040	[6, 13, 64, 133, 140]	5
1/4	92,984,320	[10, 11, 13, 254, 256]	5
1/4	93,096,960	[6, 19, 22, 58, 640]	5
1/4	93,139,200	[9, 11, 15, 35, 1792]	5
1/4	93,139,200	[9, 11, 20, 35, 1344]	5
1/4	93,139,200	[11, 14, 18, 30, 32, 35]	6
1/4	93,237,760	[5, 43, 44, 64, 154]	5
1/4	93,327,360	[5, 31, 64, 84, 112]	5
1/4	93,350,400	[6, 10, 55, 128, 221]	5
1/4	93,562,560	[5, 39, 63, 64, 119]	5
1/4	93,604,896	[6, 9, 21, 67, 1232]	5
1/4	93,623,040	[5, 32, 63, 72, 129]	5
1/4	94,089,600	[6, 10, 45, 99, 352]	5
1/4	94,089,600	[6, 10, 55, 81, 352]	5
1/4	94,089,600	[9, 12, 15, 22, 33, 80]	6
1/4	94,663,296	[6, 9, 43, 91, 448]	5
1/4	95,047,680	[5, 17, 273, 4096]	4
1/4	95,477,760	[7, 18, 20, 37, 1024]	5
1/4	95,723,520	[6, 19, 20, 82, 512]	5
1/4	95,800,320	[7, 20, 22, 27, 1152]	5
1/4	96,526,080	[9, 14, 21, 30, 32, 38]	6
1/4	96,526,080	[9, 19, 21, 28, 30, 32]	6
1/4	96,645,120	[5, 33, 52, 88, 128]	5
1/4	96,660,480	[6, 14, 31, 58, 640]	5
1/4	97,090,560	[5, 28, 42, 86, 192]	5
1/4	97,090,560	[5, 42, 43, 56, 192]	5
1/4	97,130,880	[7, 11, 36, 160, 219]	5
1/4	97,440,000	[7, 15, 25, 29, 1280]	5
1/4	97,505,280	[6, 10, 64, 69, 368]	5
1/4	97,511,040	[11, 12, 16, 18, 45, 57]	6
1/4	97,574,400	[6, 10, 77, 128, 165]	5
1/4	97,574,400	[7, 10, 44, 165, 192]	5
1/4	97,803,264	[6, 13, 79, 124, 128]	5
1/4	97,843,200	[6, 13, 56, 70, 320]	5
1/4	98,017,920	[7, 11, 51, 60, 416]	5
1/4	98,092,800	[6, 10, 64, 131, 195]	5
1/4	98,431,200	[9, 15, 21, 31, 32, 35]	6
1/4	98,641,920	[6, 10, 52, 128, 247]	5
1/4	98,824,320	[5, 43, 57, 64, 126]	5
1/4	99,041,280	[6, 13, 62, 80, 256]	5
1/4	99,310,848	[6, 13, 64, 98, 203]	5
1/4	99,356,544	[6, 9, 28, 111, 592]	5
1/4	99,573,760	[10, 13, 17, 22, 2048]	5
1/4	99,573,760	[11, 13, 17, 20, 2048]	5
1/4	99,574,272	[9, 12, 16, 21, 49, 56]	6
1/4	99,636,480	[9, 10, 12, 93, 992]	5
1/4	99,671,040	[7, 10, 64, 72, 309]	5
1/4	99,778,560	[7, 10, 48, 116, 256]	5
1/4	100,101,120	[5, 32, 42, 112, 133]	5
1/4	100,204,800	[6, 10, 64, 85, 307]	5
1/4	100,362,240	[9, 12, 20, 22, 33, 64]	6
1/4	100,552,320	[5, 33, 46, 69, 192]	5
1/4	100,638,720	[7, 10, 52, 108, 256]	5
1/4	100,638,720	[7, 10, 54, 104, 256]	5
1/4	101,122,560	[7, 18, 19, 44, 960]	5
1/4	101,122,560	[7, 19, 22, 30, 1152]	5
1/4	101,713,920	[7, 11, 43, 80, 384]	5
1/4	101,713,920	[10, 11, 12, 86, 896]	5
1/4	102,090,240	[7, 10, 54, 128, 211]	5
1/4	102,220,800	[6, 10, 55, 121, 256]	5
1/4	102,463,488	[6, 9, 34, 109, 512]	5
1/4	102,997,440	[5, 39, 63, 64, 131]	5
1/4	103,130,496	[6, 9, 21, 58, 1568]	5
1/4	103,420,800	[9, 12, 19, 21, 30, 80]	6
1/4	103,420,800	[9, 15, 19, 21, 24, 80]	6
1/4	103,420,800	[10, 15, 19, 21, 27, 64]	6
1/4	103,488,000	[6, 10, 77, 128, 175]	5
1/4	103,680,000	[9, 12, 15, 25, 32, 80]	6
1/4	103,833,600	[6, 10, 64, 65, 416]	5
1/4	104,079,360	[6, 14, 20, 121, 512]	5
1/4	104,079,360	[7, 10, 64, 66, 352]	5
1/4	104,079,360	[7, 12, 20, 121, 512]	5
1/4	104,509,440	[5, 32, 42, 108, 144]	5
1/4	104,939,520	[7, 10, 48, 122, 256]	5
1/4	104,939,520	[7, 10, 61, 96, 256]	5
1/4	104,993,280	[5, 31, 63, 84, 128]	5
1/4	105,064,960	[10, 11, 13, 256, 287]	5
1/4	105,354,240	[6, 10, 64, 76, 361]	5
1/4	105,431,040	[5, 33, 52, 96, 128]	5
1/4	105,670,656	[9, 12, 21, 26, 28, 64]	6
1/4	105,670,656	[9, 14, 21, 24, 26, 64]	6
1/4	106,145,280	[5, 17, 271, 4608]	4
1/4	106,375,680	[5, 32, 57, 72, 162]	5
1/4	106,375,680	[5, 32, 57, 81, 144]	5
1/4	106,444,800	[7, 11, 32, 144, 300]	5
1/4	106,444,800	[7, 11, 32, 180, 240]	5
1/4	106,444,800	[11, 12, 20, 21, 30, 64]	6
1/4	106,444,800	[11, 15, 20, 21, 24, 64]	6
1/4	106,659,840	[5, 31, 48, 112, 128]	5
1/4	106,659,840	[5, 31, 56, 96, 128]	5
1/4	107,775,360	[11, 12, 16, 27, 30, 63]	6
1/4	107,775,360	[11, 15, 16, 24, 27, 63]	6
1/4	107,827,200	[10, 12, 15, 18, 26, 128]	6
1/4	107,838,720	[5, 37, 66, 69, 128]	5
1/4	108,126,720	[6, 13, 57, 64, 380]	5
1/4	108,380,160	[5, 24, 64, 112, 126]	5
1/4	108,380,160	[5, 28, 42, 64, 288]	5
1/4	108,380,160	[5, 28, 42, 72, 256]	5
1/4	108,380,160	[5, 36, 42, 56, 256]	5
1/4	108,380,160	[5, 36, 42, 64, 224]	5
1/4	108,881,920	[5, 31, 64, 98, 112]	5
1/4	109,226,880	[9, 14, 21, 30, 32, 43]	6
1/4	109,992,960	[7, 11, 36, 155, 256]	5
1/4	109,992,960	[7, 11, 40, 93, 384]	5
1/4	110,315,520	[5, 38, 54, 64, 168]	5
1/4	110,315,520	[9, 12, 20, 21, 38, 64]	6
1/4	110,315,520	[10, 18, 19, 21, 24, 64]	6
1/4	110,423,040	[6, 10, 79, 128, 182]	5
1/4	110,960,640	[5, 24, 64, 84, 172]	5
1/4	111,390,720	[5, 37, 42, 112, 128]	5
1/4	111,646,080	[7, 13, 27, 71, 640]	5
1/4	111,767,040	[11, 12, 21, 28, 32, 45]	6
1/4	111,767,040	[11, 14, 18, 21, 32, 60]	6
1/4	112,107,520	[7, 17, 20, 46, 1024]	5
1/4	112,432,320	[5, 33, 64, 91, 117]	5
1/4	112,432,320	[7, 11, 39, 65, 576]	5
1/4	112,432,320	[7, 11, 39, 90, 416]	5
1/4	112,436,640	[6, 15, 16, 51, 1531]	5
1/4	112,492,800	[7, 10, 45, 64, 558]	5
1/4	112,492,800	[9, 15, 20, 21, 31, 64]	6
1/4	113,184,000	[6, 9, 32, 100, 655]	5
1/4	113,272,320	[5, 43, 49, 56, 192]	5
1/4	113,272,320	[5, 43, 49, 64, 168]	5
1/4	113,541,120	[7, 11, 40, 72, 512]	5
1/4	113,806,080	[6, 9, 37, 128, 445]	5
1/4	114,162,048	[7, 13, 22, 99, 576]	5
1/4	114,609,600	[6, 9, 35, 160, 379]	5
1/4	115,015,680	[5, 26, 72, 96, 128]	5
1/4	115,416,576	[9, 12, 23, 32, 33, 44]	6
1/4	115,706,880	[5, 31, 54, 72, 192]	5
1/4	116,121,600	[9, 12, 15, 20, 56, 64]	6
1/4	116,756,640	[11, 16, 18, 21, 39, 45]	6
1/4	116,981,760	[6, 14, 20, 68, 1024]	5
1/4	116,981,760	[7, 12, 20, 68, 1024]	5
1/4	117,089,280	[5, 33, 63, 64, 176]	5
1/4	117,089,280	[7, 12, 20, 99, 704]	5
1/4	117,089,280	[10, 12, 21, 22, 33, 64]	6
1/4	117,311,040	[5, 33, 64, 69, 161]	5
1/4	117,411,840	[5, 24, 64, 84, 182]	5
1/4	117,731,328	[6, 13, 67, 128, 176]	5
1/4	117,863,424	[9, 12, 21, 28, 29, 64]	6
1/4	117,863,424	[9, 14, 21, 24, 29, 64]	6
1/4	118,039,680	[11, 15, 23, 27, 32, 36]	6
1/4	118,056,960	[7, 10, 61, 108, 256]	5
1/4	118,117,440	[9, 12, 15, 21, 31, 112]	6
1/4	118,195,200	[10, 12, 18, 19, 45, 64]	6
1/4	118,264,320	[5, 36, 59, 64, 174]	5
1/4	118,605,600	[6, 15, 19, 51, 1360]	5
1/4	118,914,048	[9, 12, 17, 23, 2816]	5
1/4	119,578,368	[7, 13, 29, 59, 768]	5
1/4	119,750,400	[11, 15, 20, 21, 27, 64]	6
1/4	119,992,320	[5, 31, 64, 72, 168]	5
1/4	119,992,320	[5, 31, 64, 84, 144]	5
1/4	119,992,320	[7, 10, 62, 72, 384]	5
1/4	120,384,000	[6, 15, 19, 88, 800]	5
1/4	120,637,440	[7, 11, 32, 204, 240]	5
1/4	120,929,760	[9, 15, 21, 31, 32, 43]	6
1/4	121,425,920	[5, 28, 64, 77, 176]	5
1/4	121,927,680	[5, 24, 36, 126, 224]	5
1/4	121,927,680	[5, 28, 63, 72, 192]	5
1/4	121,927,680	[5, 32, 36, 126, 168]	5
1/4	122,071,040	[7, 10, 52, 131, 256]	5
1/4	122,135,040	[5, 38, 54, 64, 186]	5
1/4	122,142,720	[5, 28, 71, 96, 128]	5
1/4	122,142,720	[6, 10, 71, 128, 224]	5
1/4	122,411,520	[7, 11, 32, 144, 345]	5
1/4	122,644,480	[7, 10, 59, 116, 256]	5
1/4	122,943,744	[9, 12, 16, 21, 44, 77]	6
1/4	123,002,880	[7, 13, 22, 192, 320]	5
1/4	123,002,880	[10, 11, 13, 168, 512]	5
1/4	123,432,960	[5, 41, 42, 56, 256]	5
1/4	124,104,960	[5, 32, 54, 84, 171]	5
1/4	124,104,960	[5, 32, 57, 72, 189]	5
1/4	124,185,600	[9, 11, 20, 35, 1792]	5
1/4	124,185,600	[11, 12, 20, 21, 35, 64]	6
1/4	124,185,600	[11, 14, 15, 32, 35, 48]	6
1/4	124,354,560	[5, 24, 88, 92, 128]	5
1/4	124,354,560	[6, 10, 46, 128, 352]	5
1/4	124,467,840	[9, 15, 16, 21, 49, 56]	6
1/4	124,523,520	[5, 33, 64, 67, 176]	5
1/4	124,531,200	[6, 15, 20, 47, 1472]	5
1/4	124,600,320	[5, 24, 78, 104, 128]	5
1/4	124,830,720	[9, 12, 20, 21, 43, 64]	6
1/4	125,193,600	[7, 10, 45, 69, 576]	5
1/4	125,418,240	[5, 36, 57, 64, 191]	5
1/4	126,147,840	[6, 10, 64, 133, 247]	5
1/4	126,197,760	[6, 10, 79, 104, 256]	5
1/4	126,197,760	[6, 13, 79, 80, 256]	5
1/4	126,382,080	[5, 17, 264, 5632]	4
1/4	126,443,520	[5, 24, 64, 112, 147]	5
1/4	126,658,560	[7, 10, 62, 76, 384]	5
1/4	127,008,000	[9, 12, 21, 25, 32, 70]	6
1/4	127,196,160	[5, 28, 64, 78, 182]	5
1/4	127,196,160	[5, 28, 64, 91, 156]	5
1/4	127,209,600	[7, 10, 45, 64, 631]	5
1/4	127,431,360	[5, 43, 49, 64, 189]	5
1/4	127,680,000	[6, 19, 25, 70, 640]	5
1/4	127,733,760	[7, 20, 22, 27, 1536]	5
1/4	128,296,960	[5, 17, 268, 5632]	4
1/4	128,563,200	[9, 12, 15, 31, 32, 80]	6
1/4	128,563,200	[9, 12, 15, 31, 40, 64]	6
1/4	128,786,112	[9, 12, 16, 21, 39, 91]	6
1/4	128,822,400	[7, 10, 45, 71, 576]	5
1/4	128,822,400	[9, 12, 15, 32, 35, 71]	6
1/4	128,920,320	[5, 31, 57, 76, 192]	5
1/4	129,454,080	[5, 42, 43, 64, 224]	5
1/4	129,507,840	[7, 11, 45, 73, 512]	5
1/4	129,776,640	[6, 17, 35, 71, 512]	5
1/4	129,888,000	[6, 10, 64, 75, 451]	5
1/4	130,403,520	[5, 32, 54, 117, 129]	5
1/4	130,744,320	[5, 24, 76, 112, 128]	5
1/4	130,744,320	[5, 28, 48, 128, 152]	5
1/4	130,959,360	[5, 24, 64, 84, 203]	5
1/4	131,155,200	[9, 15, 20, 23, 33, 64]	6
1/4	131,281,920	[7, 11, 32, 222, 240]	5
1/4	132,038,400	[6, 13, 46, 115, 320]	5
1/4	132,126,720	[11, 12, 17, 23, 2560]	5
1/4	132,715,520	[5, 28, 64, 92, 161]	5
1/4	133,056,000	[7, 11, 32, 225, 240]	5
1/4	133,079,040	[5, 24, 64, 114, 152]	5
1/4	133,324,800	[6, 14, 25, 248, 256]	5
1/4	133,324,800	[7, 12, 25, 248, 256]	5
1/4	133,468,160	[5, 38, 49, 64, 224]	5
1/4	133,539,840	[7, 10, 69, 72, 384]	5
1/4	133,816,320	[5, 24, 64, 88, 198]	5
1/4	134,184,960	[5, 26, 84, 96, 128]	5
