1/5	5	[5]	1
1/5	80	[8, 10]	2
1/5	90	[6, 15]	2
1/5	90	[9, 10]	2
1/5	105	[7, 15]	2
1/5	120	[6, 20]	2
1/5	150	[6, 25]	2
1/5	1,620	[9, 12, 15]	3
1/5	1,800	[10, 12, 15]	3
1/5	1,950	[10, 13, 15]	3
1/5	2,160	[9, 12, 20]	3
1/5	2,340	[12, 13, 15]	3
1/5	2,400	[8, 12, 25]	3
1/5	2,400	[8, 15, 20]	3
1/5	2,520	[10, 12, 21]	3
1/5	2,565	[9, 15, 19]	3
1/5	2,700	[9, 12, 25]	3
1/5	2,720	[8, 17, 20]	3
1/5	2,720	[10, 16, 17]	3
1/5	2,730	[13, 14, 15]	3
1/5	2,750	[10, 11, 25]	3
1/5	2,880	[9, 16, 20]	3
1/5	3,120	[10, 13, 24]	3
1/5	3,300	[11, 12, 25]	3
1/5	3,360	[8, 14, 30]	3
1/5	3,360	[8, 15, 28]	3
1/5	3,420	[9, 19, 20]	3
1/5	3,510	[9, 13, 30]	3
1/5	3,510	[10, 13, 27]	3
1/5	3,600	[8, 18, 25]	3
1/5	3,600	[9, 16, 25]	3
1/5	4,080	[8, 17, 30]	3
1/5	4,200	[7, 20, 30]	3
1/5	4,200	[8, 15, 35]	3
1/5	4,200	[8, 21, 25]	3
1/5	4,680	[9, 13, 40]	3
1/5	4,760	[8, 17, 35]	3
1/5	5,040	[7, 24, 30]	3
1/5	5,250	[7, 25, 30]	3
1/5	5,670	[6, 21, 45]	3
1/5	5,670	[7, 18, 45]	3
1/5	5,670	[7, 27, 30]	3
1/5	5,880	[8, 15, 49]	3
1/5	6,090	[7, 29, 30]	3
1/5	6,240	[8, 13, 60]	3
1/5	6,300	[7, 20, 45]	3
1/5	6,300	[7, 25, 36]	3
1/5	6,930	[7, 22, 45]	3
1/5	7,425	[9, 11, 75]	3
1/5	7,560	[7, 18, 60]	3
1/5	7,560	[7, 20, 54]	3
1/5	7,680	[6, 32, 40]	3
1/5	7,980	[7, 20, 57]	3
1/5	8,820	[6, 21, 70]	3
1/5	8,910	[6, 27, 55]	3
1/5	9,360	[8, 13, 90]	3
1/5	9,450	[6, 35, 45]	3
1/5	9,450	[7, 18, 75]	3
1/5	9,600	[6, 32, 50]	3
1/5	9,900	[9, 11, 100]	3
1/5	9,990	[6, 37, 45]	3
1/5	10,080	[7, 18, 80]	3
1/5	10,140	[6, 26, 65]	3
1/5	10,710	[6, 21, 85]	3
1/5	10,710	[6, 35, 51]	3
1/5	10,710	[7, 18, 85]	3
1/5	10,920	[8, 13, 105]	3
1/5	11,760	[6, 35, 56]	3
1/5	11,760	[6, 40, 49]	3
1/5	12,300	[6, 41, 50]	3
1/5	12,480	[6, 26, 80]	3
1/5	12,480	[6, 32, 65]	3
1/5	13,440	[7, 16, 120]	3
1/5	13,950	[6, 31, 75]	3
1/5	14,280	[6, 28, 85]	3
1/5	14,280	[6, 35, 68]	3
1/5	14,280	[7, 17, 120]	3
1/5	18,270	[6, 29, 105]	3
1/5	18,600	[6, 31, 100]	3
1/5	20,160	[7, 16, 180]	3
1/5	21,780	[6, 22, 165]	3
1/5	23,250	[6, 31, 125]	3
1/5	24,360	[6, 29, 140]	3
1/5	25,200	[7, 16, 225]	3
1/5	26,400	[6, 22, 200]	3
1/5	30,450	[6, 29, 175]	3
1/5	34,980	[6, 22, 265]	3
1/5	53,760	[12, 14, 16, 20]	4
1/5	57,600	[8, 12, 20, 30]	4
1/5	57,600	[10, 15, 16, 24]	4
1/5	57,600	[12, 15, 16, 20]	4
1/5	61,560	[12, 15, 18, 19]	4
1/5	64,800	[10, 15, 18, 24]	4
1/5	65,280	[12, 16, 17, 20]	4
1/5	68,040	[9, 12, 21, 30]	4
1/5	68,040	[9, 15, 21, 24]	4
1/5	69,120	[10, 16, 18, 24]	4
1/5	72,000	[12, 15, 16, 25]	4
1/5	72,960	[8, 12, 20, 38]	4
1/5	73,500	[10, 14, 15, 35]	4
1/5	73,500	[10, 14, 21, 25]	4
1/5	75,600	[10, 15, 21, 24]	4
1/5	75,600	[12, 14, 18, 25]	4
1/5	75,600	[14, 15, 18, 20]	4
1/5	79,200	[10, 15, 22, 24]	4
1/5	79,200	[12, 15, 20, 22]	4
1/5	81,600	[15, 16, 17, 20]	4
1/5	82,500	[11, 15, 20, 25]	4
1/5	84,000	[12, 14, 20, 25]	4
1/5	84,240	[13, 15, 18, 24]	4
1/5	86,400	[8, 12, 20, 45]	4
1/5	86,400	[8, 18, 20, 30]	4
1/5	86,400	[10, 15, 16, 36]	4
1/5	86,400	[10, 15, 18, 32]	4
1/5	88,200	[12, 14, 15, 35]	4
1/5	88,200	[12, 14, 21, 25]	4
1/5	90,720	[10, 18, 21, 24]	4
1/5	91,350	[10, 15, 21, 29]	4
1/5	92,340	[12, 15, 19, 27]	4
1/5	92,610	[9, 14, 21, 35]	4
1/5	93,600	[12, 13, 20, 30]	4
1/5	93,600	[13, 15, 20, 24]	4
1/5	94,080	[8, 12, 20, 49]	4
1/5	94,080	[8, 12, 28, 35]	4
1/5	94,080	[8, 20, 21, 28]	4
1/5	94,500	[10, 18, 21, 25]	4
1/5	97,200	[10, 12, 18, 45]	4
1/5	97,440	[12, 14, 20, 29]	4
1/5	98,280	[12, 13, 21, 30]	4
1/5	98,280	[13, 15, 21, 24]	4
1/5	99,225	[9, 15, 21, 35]	4
1/5	99,840	[12, 13, 16, 40]	4
1/5	99,840	[12, 13, 20, 32]	4
1/5	99,900	[10, 15, 18, 37]	4
1/5	100,800	[10, 15, 16, 42]	4
1/5	100,800	[14, 16, 18, 25]	4
1/5	102,000	[15, 16, 17, 25]	4
1/5	102,600	[10, 15, 19, 36]	4
1/5	102,900	[10, 14, 15, 49]	4
1/5	105,600	[11, 16, 24, 25]	4
1/5	105,840	[10, 14, 21, 36]	4
1/5	105,840	[10, 18, 21, 28]	4
1/5	107,520	[10, 12, 28, 32]	4
1/5	107,520	[10, 14, 24, 32]	4
1/5	109,440	[8, 12, 30, 38]	4
1/5	109,620	[14, 15, 18, 29]	4
1/5	110,160	[9, 12, 30, 34]	4
1/5	112,320	[13, 16, 20, 27]	4
1/5	113,400	[9, 12, 30, 35]	4
1/5	113,400	[9, 21, 24, 25]	4
1/5	114,240	[12, 16, 17, 35]	4
1/5	114,240	[14, 16, 17, 30]	4
1/5	114,240	[15, 16, 17, 28]	4
1/5	114,660	[13, 14, 18, 35]	4
1/5	117,000	[12, 13, 25, 30]	4
1/5	117,600	[10, 12, 28, 35]	4
1/5	117,600	[10, 14, 24, 35]	4
1/5	117,600	[10, 15, 16, 49]	4
1/5	117,600	[10, 16, 21, 35]	4
1/5	118,800	[11, 18, 24, 25]	4
1/5	119,880	[9, 12, 30, 37]	4
1/5	119,880	[9, 15, 24, 37]	4
1/5	120,960	[8, 18, 20, 42]	4
1/5	120,960	[8, 20, 21, 36]	4
1/5	120,960	[9, 20, 24, 28]	4
1/5	120,960	[10, 16, 18, 42]	4
1/5	121,905	[9, 15, 21, 43]	4
1/5	122,400	[10, 15, 17, 48]	4
1/5	122,400	[12, 15, 17, 40]	4
1/5	123,120	[9, 19, 24, 30]	4
1/5	123,120	[10, 12, 18, 57]	4
1/5	123,480	[12, 14, 15, 49]	4
1/5	124,800	[13, 15, 16, 40]	4
1/5	126,420	[10, 14, 21, 43]	4
1/5	126,500	[11, 20, 23, 25]	4
1/5	129,600	[8, 18, 20, 45]	4
1/5	129,600	[9, 15, 20, 48]	4
1/5	129,600	[10, 16, 18, 45]	4
1/5	129,920	[10, 16, 28, 29]	4
1/5	130,560	[10, 17, 24, 32]	4
1/5	131,040	[13, 14, 20, 36]	4
1/5	132,300	[9, 15, 28, 35]	4
1/5	132,300	[9, 20, 21, 35]	4
1/5	132,300	[9, 21, 25, 28]	4
1/5	133,380	[13, 15, 18, 38]	4
1/5	133,380	[13, 19, 20, 27]	4
1/5	134,750	[11, 14, 25, 35]	4
1/5	136,000	[8, 20, 25, 34]	4
1/5	138,240	[9, 12, 32, 40]	4
1/5	138,600	[11, 21, 24, 25]	4
1/5	140,250	[11, 15, 25, 34]	4
1/5	140,400	[12, 13, 20, 45]	4
1/5	140,400	[13, 16, 25, 27]	4
1/5	141,120	[8, 12, 30, 49]	4
1/5	141,120	[8, 12, 35, 42]	4
1/5	141,120	[8, 21, 28, 30]	4
1/5	142,100	[10, 14, 29, 35]	4
1/5	143,520	[12, 13, 20, 46]	4
1/5	145,530	[9, 21, 22, 35]	4
1/5	145,800	[10, 12, 27, 45]	4
1/5	145,920	[10, 12, 32, 38]	4
1/5	146,160	[10, 21, 24, 29]	4
1/5	146,880	[9, 20, 24, 34]	4
1/5	147,420	[12, 13, 21, 45]	4
1/5	151,200	[9, 15, 28, 40]	4
1/5	151,200	[9, 24, 25, 28]	4
1/5	151,200	[10, 14, 15, 72]	4
1/5	151,200	[10, 16, 21, 45]	4
1/5	151,800	[11, 23, 24, 25]	4
1/5	152,320	[10, 17, 28, 32]	4
1/5	153,000	[10, 12, 25, 51]	4
1/5	153,900	[10, 18, 19, 45]	4
1/5	155,250	[9, 15, 25, 46]	4
1/5	156,000	[12, 13, 25, 40]	4
1/5	157,680	[10, 12, 18, 73]	4
1/5	158,400	[11, 16, 25, 36]	4
1/5	158,400	[11, 18, 25, 32]	4
1/5	158,760	[9, 12, 21, 70]	4
1/5	158,760	[9, 14, 21, 60]	4
1/5	159,840	[9, 20, 24, 37]	4
1/5	161,280	[9, 16, 28, 40]	4
1/5	161,280	[9, 20, 28, 32]	4
1/5	161,920	[10, 16, 23, 44]	4
1/5	162,240	[8, 12, 26, 65]	4
1/5	162,400	[8, 20, 29, 35]	4
1/5	162,540	[10, 18, 21, 43]	4
1/5	163,350	[9, 15, 22, 55]	4
1/5	163,800	[12, 14, 15, 65]	4
1/5	164,000	[8, 20, 25, 41]	4
1/5	164,160	[8, 18, 30, 38]	4
1/5	164,160	[9, 19, 24, 40]	4
1/5	164,160	[10, 18, 19, 48]	4
1/5	164,430	[10, 21, 27, 29]	4
1/5	164,640	[10, 12, 28, 49]	4
1/5	165,360	[12, 13, 20, 53]	4
1/5	166,320	[10, 14, 33, 36]	4
1/5	167,400	[9, 24, 25, 31]	4
1/5	168,000	[8, 20, 21, 50]	4
1/5	172,800	[9, 15, 20, 64]	4
1/5	174,240	[8, 12, 33, 55]	4
1/5	174,240	[10, 12, 33, 44]	4
1/5	174,720	[13, 15, 16, 56]	4
1/5	175,500	[12, 13, 25, 45]	4
1/5	176,400	[9, 20, 28, 35]	4
1/5	178,200	[11, 12, 18, 75]	4
1/5	179,550	[9, 19, 30, 35]	4
1/5	180,600	[10, 12, 35, 43]	4
1/5	183,000	[10, 12, 25, 61]	4
1/5	183,600	[9, 17, 30, 40]	4
1/5	184,800	[11, 16, 25, 42]	4
1/5	185,640	[12, 13, 34, 35]	4
1/5	187,200	[8, 18, 20, 65]	4
1/5	187,200	[8, 25, 26, 36]	4
1/5	188,160	[10, 12, 32, 49]	4
1/5	189,750	[11, 15, 23, 50]	4
1/5	189,810	[9, 15, 37, 38]	4
1/5	190,080	[8, 12, 18, 110]	4
1/5	191,100	[10, 13, 35, 42]	4
1/5	192,780	[9, 12, 21, 85]	4
1/5	192,780	[9, 12, 35, 51]	4
1/5	194,400	[8, 25, 27, 36]	4
1/5	194,880	[10, 14, 29, 48]	4
1/5	195,840	[9, 16, 34, 40]	4
1/5	195,840	[9, 20, 32, 34]	4
1/5	196,800	[8, 12, 41, 50]	4
1/5	197,100	[9, 15, 20, 73]	4
1/5	198,000	[9, 20, 22, 50]	4
1/5	199,680	[10, 12, 26, 64]	4
1/5	199,680	[10, 13, 32, 48]	4
1/5	199,800	[10, 12, 37, 45]	4
1/5	201,600	[9, 16, 35, 40]	4
1/5	201,600	[9, 25, 28, 32]	4
1/5	202,400	[8, 20, 23, 55]	4
1/5	202,400	[11, 16, 23, 50]	4
1/5	202,800	[8, 25, 26, 39]	4
1/5	202,800	[10, 12, 26, 65]	4
1/5	204,000	[8, 25, 30, 34]	4
1/5	204,120	[10, 12, 27, 63]	4
1/5	204,930	[9, 15, 23, 66]	4
1/5	205,200	[9, 19, 24, 50]	4
1/5	210,240	[8, 18, 20, 73]	4
1/5	210,240	[10, 16, 18, 73]	4
1/5	210,600	[10, 12, 27, 65]	4
1/5	210,600	[10, 13, 36, 45]	4
1/5	211,200	[8, 12, 22, 100]	4
1/5	211,200	[11, 12, 32, 50]	4
1/5	211,680	[8, 12, 35, 63]	4
1/5	211,680	[8, 12, 45, 49]	4
1/5	211,680	[8, 18, 30, 49]	4
1/5	211,680	[8, 18, 35, 42]	4
1/5	211,680	[9, 12, 35, 56]	4
1/5	211,680	[9, 12, 40, 49]	4
1/5	211,680	[9, 14, 21, 80]	4
1/5	213,120	[9, 16, 37, 40]	4
1/5	213,120	[9, 20, 32, 37]	4
1/5	213,840	[8, 18, 27, 55]	4
1/5	214,500	[11, 13, 30, 50]	4
1/5	214,500	[12, 13, 25, 55]	4
1/5	215,460	[10, 19, 21, 54]	4
1/5	216,720	[9, 20, 28, 43]	4
1/5	217,800	[9, 20, 22, 55]	4
1/5	218,400	[13, 15, 16, 70]	4
1/5	218,880	[9, 19, 32, 40]	4
1/5	218,880	[10, 16, 19, 72]	4
1/5	218,880	[10, 18, 19, 64]	4
1/5	223,200	[8, 25, 31, 36]	4
1/5	223,200	[9, 25, 31, 32]	4
1/5	223,300	[11, 14, 29, 50]	4
1/5	224,640	[9, 12, 32, 65]	4
1/5	224,640	[10, 13, 36, 48]	4
1/5	224,910	[9, 14, 21, 85]	4
1/5	225,420	[10, 13, 34, 51]	4
1/5	226,800	[8, 18, 35, 45]	4
1/5	228,480	[8, 17, 28, 60]	4
1/5	228,480	[12, 14, 17, 80]	4
1/5	231,000	[11, 14, 25, 60]	4
1/5	234,000	[8, 25, 30, 39]	4
1/5	235,200	[8, 14, 35, 60]	4
1/5	235,950	[10, 13, 33, 55]	4
1/5	235,980	[10, 18, 19, 69]	4
1/5	238,680	[9, 17, 39, 40]	4
1/5	239,400	[9, 19, 35, 40]	4
1/5	239,540	[10, 14, 29, 59]	4
1/5	239,760	[8, 18, 37, 45]	4
1/5	241,920	[10, 14, 18, 96]	4
1/5	242,000	[8, 22, 25, 55]	4
1/5	243,360	[8, 18, 26, 65]	4
1/5	243,600	[8, 29, 30, 35]	4
1/5	246,000	[8, 25, 30, 41]	4
1/5	246,240	[8, 19, 36, 45]	4
1/5	246,960	[8, 21, 30, 49]	4
1/5	247,940	[10, 14, 23, 77]	4
1/5	248,040	[10, 12, 39, 53]	4
1/5	250,250	[11, 14, 25, 65]	4
1/5	250,560	[8, 12, 18, 145]	4
1/5	251,100	[9, 12, 31, 75]	4
1/5	256,500	[9, 19, 25, 60]	4
1/5	257,040	[9, 12, 28, 85]	4
1/5	257,040	[9, 12, 34, 70]	4
1/5	257,040	[9, 12, 35, 68]	4
1/5	257,040	[9, 17, 35, 48]	4
1/5	257,400	[11, 13, 36, 50]	4
1/5	261,360	[8, 18, 33, 55]	4
1/5	262,080	[10, 13, 42, 48]	4
1/5	262,080	[13, 14, 16, 90]	4
1/5	263,340	[10, 18, 19, 77]	4
1/5	264,600	[8, 21, 35, 45]	4
1/5	264,600	[10, 14, 18, 105]	4
1/5	265,320	[10, 12, 33, 67]	4
1/5	266,560	[8, 17, 28, 70]	4
1/5	266,760	[9, 19, 26, 60]	4
1/5	267,300	[11, 12, 27, 75]	4
1/5	273,600	[8, 19, 20, 90]	4
1/5	273,600	[9, 19, 32, 50]	4
1/5	274,560	[10, 13, 44, 48]	4
1/5	276,080	[8, 29, 34, 35]	4
1/5	277,200	[11, 14, 25, 72]	4
1/5	279,000	[10, 12, 31, 75]	4
1/5	279,510	[7, 22, 33, 55]	4
1/5	279,720	[9, 12, 37, 70]	4
1/5	279,720	[10, 12, 37, 63]	4
1/5	280,800	[8, 25, 26, 54]	4
1/5	280,800	[8, 25, 27, 52]	4
1/5	286,000	[8, 25, 26, 55]	4
1/5	287,000	[8, 25, 35, 41]	4
1/5	287,040	[10, 13, 46, 48]	4
1/5	288,750	[10, 11, 35, 75]	4
1/5	293,040	[8, 22, 37, 45]	4
1/5	293,760	[10, 17, 18, 96]	4
1/5	294,840	[10, 13, 36, 63]	4
1/5	295,200	[8, 18, 41, 50]	4
1/5	296,400	[8, 25, 38, 39]	4
1/5	297,000	[9, 15, 22, 100]	4
1/5	299,520	[10, 13, 32, 72]	4
1/5	299,520	[10, 13, 36, 64]	4
1/5	300,960	[8, 19, 44, 45]	4
1/5	303,600	[8, 23, 30, 55]	4
1/5	304,920	[8, 21, 33, 55]	4
1/5	305,760	[13, 15, 16, 98]	4
1/5	306,180	[7, 27, 36, 45]	4
1/5	308,880	[8, 26, 27, 55]	4
1/5	316,800	[8, 12, 22, 150]	4
1/5	318,240	[10, 13, 48, 51]	4
1/5	319,410	[9, 14, 39, 65]	4
1/5	321,750	[10, 13, 33, 75]	4
1/5	322,560	[10, 14, 18, 128]	4
1/5	328,320	[8, 15, 36, 76]	4
1/5	328,320	[10, 16, 19, 108]	4
1/5	328,860	[9, 12, 29, 105]	4
1/5	329,120	[8, 17, 44, 55]	4
1/5	330,720	[10, 13, 48, 53]	4
1/5	334,800	[8, 25, 31, 54]	4
1/5	334,800	[9, 12, 31, 100]	4
1/5	336,960	[9, 13, 48, 60]	4
1/5	340,200	[7, 30, 36, 45]	4
1/5	340,200	[8, 25, 27, 63]	4
1/5	342,000	[9, 19, 25, 80]	4
1/5	342,720	[8, 14, 36, 85]	4
1/5	342,720	[8, 17, 42, 60]	4
1/5	342,720	[9, 16, 28, 85]	4
1/5	342,720	[9, 16, 34, 70]	4
1/5	342,720	[9, 16, 35, 68]	4
1/5	342,720	[9, 17, 35, 64]	4
1/5	342,720	[10, 17, 21, 96]	4
1/5	348,480	[8, 12, 22, 165]	4
1/5	348,480	[8, 15, 44, 66]	4
1/5	349,440	[10, 13, 32, 84]	4
1/5	352,800	[8, 14, 35, 90]	4
1/5	353,160	[10, 12, 27, 109]	4
1/5	354,200	[8, 23, 35, 55]	4
1/5	354,200	[11, 14, 23, 100]	4
1/5	355,680	[9, 19, 26, 80]	4
1/5	361,200	[8, 21, 43, 50]	4
1/5	362,880	[7, 30, 36, 48]	4
1/5	364,320	[9, 20, 23, 88]	4
1/5	365,400	[10, 12, 29, 105]	4
1/5	367,200	[8, 17, 36, 75]	4
1/5	367,200	[8, 17, 45, 60]	4
1/5	368,550	[7, 30, 39, 45]	4
1/5	369,360	[8, 19, 45, 54]	4
1/5	369,600	[8, 14, 55, 60]	4
1/5	369,720	[10, 13, 36, 79]	4
1/5	372,000	[8, 12, 31, 125]	4
1/5	372,960	[9, 16, 37, 70]	4
1/5	375,840	[8, 12, 27, 145]	4
1/5	377,520	[10, 13, 33, 88]	4
1/5	382,200	[10, 13, 28, 105]	4
1/5	383,040	[8, 19, 20, 126]	4
1/5	383,040	[10, 16, 19, 126]	4
1/5	385,000	[11, 14, 20, 125]	4
1/5	386,100	[11, 13, 27, 100]	4
1/5	389,760	[10, 12, 29, 112]	4
1/5	390,600	[8, 25, 31, 63]	4
1/5	391,680	[10, 17, 18, 128]	4
1/5	395,010	[9, 15, 22, 133]	4
1/5	396,000	[11, 12, 20, 150]	4
1/5	399,840	[8, 17, 28, 105]	4
1/5	399,840	[8, 17, 42, 70]	4
1/5	400,140	[9, 13, 57, 60]	4
1/5	403,200	[7, 24, 40, 60]	4
1/5	403,200	[7, 30, 40, 48]	4
1/5	404,800	[8, 22, 23, 100]	4
1/5	405,600	[8, 15, 52, 65]	4
1/5	406,350	[7, 30, 43, 45]	4
1/5	408,000	[8, 15, 50, 68]	4
1/5	408,240	[7, 27, 36, 60]	4
1/5	410,400	[8, 19, 20, 135]	4
1/5	415,530	[6, 27, 45, 57]	4
1/5	415,800	[9, 14, 44, 75]	4
1/5	417,690	[9, 14, 39, 85]	4
1/5	418,500	[9, 12, 31, 125]	4
1/5	420,000	[7, 25, 40, 60]	4
1/5	421,200	[9, 13, 48, 75]	4
1/5	423,360	[9, 16, 21, 140]	4
1/5	425,880	[7, 26, 39, 60]	4
1/5	425,880	[10, 14, 18, 169]	4
1/5	429,000	[11, 13, 25, 120]	4
1/5	430,080	[7, 24, 32, 80]	4
1/5	430,080	[7, 24, 40, 64]	4
1/5	430,920	[8, 19, 45, 63]	4
1/5	434,700	[9, 14, 30, 115]	4
1/5	435,600	[10, 12, 22, 165]	4
1/5	436,800	[7, 30, 40, 52]	4
1/5	438,480	[9, 12, 29, 140]	4
1/5	438,750	[9, 13, 50, 75]	4
1/5	442,260	[7, 36, 39, 45]	4
1/5	442,960	[8, 14, 35, 113]	4
1/5	446,400	[9, 16, 31, 100]	4
1/5	449,280	[9, 13, 48, 80]	4
1/5	453,600	[7, 24, 36, 75]	4
1/5	453,600	[7, 24, 45, 60]	4
1/5	453,600	[7, 36, 40, 45]	4
1/5	454,860	[7, 30, 38, 57]	4
1/5	465,120	[8, 19, 20, 153]	4
1/5	465,120	[10, 16, 19, 153]	4
1/5	472,500	[7, 25, 45, 60]	4
1/5	475,200	[8, 18, 22, 150]	4
1/5	480,060	[9, 14, 30, 127]	4
1/5	483,840	[7, 32, 40, 54]	4
1/5	484,785	[7, 27, 45, 57]	4
1/5	487,200	[7, 29, 40, 60]	4
1/5	487,200	[8, 12, 29, 175]	4
1/5	487,200	[8, 21, 29, 100]	4
1/5	487,620	[7, 36, 43, 45]	4
1/5	488,400	[8, 22, 25, 111]	4
1/5	489,510	[9, 14, 37, 105]	4
1/5	490,960	[8, 17, 38, 95]	4
1/5	491,400	[8, 25, 27, 91]	4
1/5	491,400	[9, 13, 60, 70]	4
1/5	493,680	[8, 17, 55, 66]	4
1/5	501,600	[8, 15, 44, 95]	4
1/5	501,600	[8, 15, 55, 76]	4
1/5	504,000	[7, 24, 50, 60]	4
1/5	508,200	[7, 30, 44, 55]	4
1/5	510,300	[7, 27, 36, 75]	4
1/5	510,720	[7, 32, 40, 57]	4
1/5	511,500	[11, 12, 31, 125]	4
1/5	511,560	[10, 12, 29, 147]	4
1/5	514,080	[7, 24, 36, 85]	4
1/5	514,080	[7, 24, 51, 60]	4
1/5	514,080	[7, 30, 48, 51]	4
1/5	514,080	[8, 14, 54, 85]	4
1/5	514,080	[8, 17, 42, 90]	4
1/5	514,080	[8, 17, 45, 84]	4
1/5	514,800	[11, 13, 24, 150]	4
1/5	514,800	[11, 13, 25, 144]	4
1/5	519,750	[7, 30, 33, 75]	4
1/5	519,840	[8, 15, 57, 76]	4
1/5	522,720	[8, 15, 44, 99]	4
1/5	522,720	[8, 18, 22, 165]	4
1/5	524,160	[7, 30, 48, 52]	4
1/5	524,160	[10, 13, 28, 144]	4
1/5	525,000	[7, 20, 50, 75]	4
1/5	526,680	[8, 19, 45, 77]	4
1/5	527,040	[8, 15, 36, 122]	4
1/5	529,200	[8, 14, 45, 105]	4
1/5	529,200	[9, 16, 21, 175]	4
1/5	532,350	[7, 26, 45, 65]	4
1/5	532,350	[7, 30, 39, 65]	4
1/5	533,520	[9, 13, 60, 76]	4
1/5	535,080	[10, 13, 28, 147]	4
1/5	537,600	[7, 30, 32, 80]	4
1/5	541,800	[7, 40, 43, 45]	4
1/5	544,320	[7, 27, 36, 80]	4
1/5	544,320	[7, 27, 45, 64]	4
1/5	544,320	[7, 27, 48, 60]	4
1/5	544,320	[7, 32, 45, 54]	4
1/5	544,320	[8, 14, 45, 108]	4
1/5	548,100	[7, 29, 45, 60]	4
1/5	548,100	[9, 12, 29, 175]	4
1/5	549,120	[10, 13, 33, 128]	4
1/5	550,800	[8, 17, 54, 75]	4
1/5	552,750	[10, 11, 67, 75]	4
1/5	554,400	[7, 24, 55, 60]	4
1/5	554,400	[8, 14, 55, 90]	4
1/5	554,580	[9, 13, 60, 79]	4
1/5	558,000	[8, 18, 31, 125]	4
1/5	558,000	[9, 16, 31, 125]	4
1/5	559,680	[8, 12, 22, 265]	4
1/5	561,600	[9, 13, 48, 100]	4
1/5	564,300	[9, 19, 22, 150]	4
1/5	565,110	[9, 13, 69, 70]	4
1/5	567,840	[8, 15, 52, 91]	4
1/5	574,560	[7, 30, 36, 76]	4
1/5	574,560	[7, 38, 40, 54]	4
1/5	575,960	[8, 17, 55, 77]	4
1/5	577,500	[7, 25, 55, 60]	4
1/5	578,340	[7, 27, 36, 85]	4
1/5	579,600	[9, 14, 40, 115]	4
1/5	584,640	[7, 29, 48, 60]	4
1/5	584,640	[8, 15, 58, 84]	4
1/5	584,640	[9, 16, 29, 140]	4
1/5	589,050	[7, 34, 45, 55]	4
1/5	589,680	[7, 30, 39, 72]	4
1/5	591,360	[7, 32, 33, 80]	4
1/5	591,360	[7, 33, 40, 64]	4
1/5	594,000	[11, 12, 20, 225]	4
1/5	595,980	[7, 43, 44, 45]	4
1/5	598,400	[11, 16, 17, 200]	4
1/5	599,040	[9, 13, 64, 80]	4
1/5	604,800	[7, 24, 40, 90]	4
1/5	604,800	[7, 25, 48, 72]	4
1/5	604,800	[7, 32, 50, 54]	4
1/5	605,520	[8, 15, 58, 87]	4
1/5	606,900	[7, 30, 34, 85]	4
1/5	607,200	[8, 22, 23, 150]	4
1/5	607,200	[8, 23, 25, 132]	4
1/5	608,400	[8, 15, 65, 78]	4
1/5	609,000	[7, 29, 50, 60]	4
1/5	618,240	[7, 24, 40, 92]	4
1/5	623,700	[7, 33, 36, 75]	4
1/5	630,000	[7, 24, 50, 75]	4
1/5	630,000	[7, 25, 40, 90]	4
1/5	630,000	[7, 25, 45, 80]	4
1/5	635,250	[7, 22, 55, 75]	4
1/5	635,250	[7, 25, 55, 66]	4
1/5	638,400	[7, 32, 50, 57]	4
1/5	638,820	[7, 27, 52, 65]	4
1/5	640,080	[9, 14, 40, 127]	4
1/5	642,600	[8, 17, 45, 105]	4
1/5	642,600	[8, 17, 63, 75]	4
1/5	646,380	[7, 27, 57, 60]	4
1/5	650,160	[7, 30, 43, 72]	4
1/5	651,000	[8, 21, 31, 125]	4
1/5	655,200	[9, 13, 70, 80]	4
1/5	656,880	[7, 34, 40, 69]	4
1/5	656,880	[8, 14, 69, 85]	4
1/5	657,720	[7, 29, 36, 90]	4
1/5	657,720	[7, 29, 45, 72]	4
1/5	657,720	[7, 29, 54, 60]	4
1/5	657,720	[8, 21, 27, 145]	4
1/5	659,880	[9, 12, 26, 235]	4
1/5	663,390	[7, 27, 39, 90]	4
1/5	663,390	[7, 30, 39, 81]	4
1/5	666,120	[10, 13, 28, 183]	4
1/5	669,900	[7, 29, 55, 60]	4
1/5	669,900	[11, 12, 29, 175]	4
1/5	672,000	[7, 24, 50, 80]	4
1/5	672,000	[7, 25, 48, 80]	4
1/5	680,400	[7, 24, 54, 75]	4
1/5	680,400	[7, 25, 54, 72]	4
1/5	680,400	[7, 27, 40, 90]	4
1/5	680,400	[7, 27, 48, 75]	4
1/5	681,030	[7, 30, 47, 69]	4
1/5	684,450	[6, 39, 45, 65]	4
1/5	685,440	[7, 32, 36, 85]	4
1/5	693,000	[7, 25, 60, 66]	4
1/5	694,260	[7, 29, 57, 60]	4
1/5	698,880	[7, 24, 64, 65]	4
1/5	699,720	[8, 17, 49, 105]	4
1/5	702,000	[9, 13, 50, 120]	4
1/5	702,240	[8, 15, 44, 133]	4
1/5	702,240	[8, 15, 76, 77]	4
1/5	705,600	[8, 15, 42, 140]	4
1/5	706,860	[7, 33, 36, 85]	4
1/5	708,400	[8, 14, 55, 115]	4
1/5	709,800	[8, 15, 65, 91]	4
1/5	711,360	[9, 13, 76, 80]	4
1/5	712,320	[7, 24, 40, 106]	4
1/5	714,000	[7, 25, 60, 68]	4
1/5	714,420	[6, 27, 63, 70]	4
1/5	718,200	[8, 19, 35, 135]	4
1/5	718,620	[7, 29, 59, 60]	4
1/5	724,500	[7, 25, 60, 69]	4
1/5	726,000	[8, 15, 50, 121]	4
1/5	728,280	[7, 24, 51, 85]	4
1/5	730,800	[7, 29, 40, 90]	4
1/5	730,800	[7, 29, 45, 80]	4
1/5	730,800	[7, 29, 48, 75]	4
1/5	730,800	[7, 29, 50, 72]	4
1/5	730,800	[8, 18, 29, 175]	4
1/5	730,800	[9, 16, 29, 175]	4
1/5	731,430	[7, 27, 43, 90]	4
1/5	731,430	[7, 30, 43, 81]	4
1/5	732,000	[8, 15, 61, 100]	4
1/5	734,160	[8, 14, 57, 115]	4
1/5	734,400	[9, 17, 25, 192]	4
1/5	739,200	[7, 24, 55, 80]	4
1/5	739,440	[9, 13, 79, 80]	4
1/5	740,880	[8, 14, 45, 147]	4
1/5	744,120	[9, 13, 53, 120]	4
1/5	745,500	[7, 25, 60, 71]	4
1/5	748,800	[9, 13, 64, 100]	4
1/5	748,880	[8, 22, 23, 185]	4
1/5	750,750	[7, 25, 55, 78]	4
1/5	750,750	[7, 25, 65, 66]	4
1/5	752,400	[9, 19, 22, 200]	4
1/5	756,000	[7, 24, 50, 90]	4
1/5	759,360	[7, 24, 40, 113]	4
1/5	762,300	[7, 22, 33, 150]	4
1/5	762,300	[7, 30, 33, 110]	4
1/5	771,120	[7, 24, 51, 90]	4
1/5	771,120	[7, 24, 54, 85]	4
1/5	771,120	[7, 27, 48, 85]	4
1/5	779,520	[7, 29, 40, 96]	4
1/5	786,240	[7, 26, 48, 90]	4
1/5	786,240	[7, 26, 54, 80]	4
1/5	786,240	[7, 27, 52, 80]	4
1/5	786,240	[7, 27, 64, 65]	4
1/5	787,710	[7, 22, 33, 155]	4
1/5	790,560	[8, 15, 54, 122]	4
1/5	790,920	[6, 39, 52, 65]	4
1/5	794,610	[6, 27, 45, 109]	4
1/5	798,000	[7, 25, 57, 80]	4
1/5	800,280	[12, 13, 19, 270]	4
1/5	803,250	[7, 25, 45, 102]	4
1/5	803,880	[7, 29, 44, 90]	4
1/5	803,880	[7, 29, 45, 88]	4
1/5	806,400	[7, 25, 64, 72]	4
1/5	813,960	[8, 19, 35, 153]	4
1/5	816,480	[8, 14, 45, 162]	4
1/5	816,750	[6, 33, 55, 75]	4
1/5	819,000	[7, 20, 65, 90]	4
1/5	829,920	[7, 26, 57, 80]	4
1/5	831,600	[7, 24, 55, 90]	4
1/5	831,600	[7, 25, 66, 72]	4
1/5	831,870	[6, 39, 45, 79]	4
1/5	833,490	[6, 45, 49, 63]	4
1/5	834,750	[7, 25, 45, 106]	4
1/5	835,380	[7, 26, 54, 85]	4
1/5	835,380	[7, 27, 52, 85]	4
1/5	839,160	[7, 30, 37, 108]	4
1/5	839,520	[8, 18, 22, 265]	4
1/5	846,450	[6, 33, 45, 95]	4
1/5	846,450	[6, 45, 55, 57]	4
1/5	856,800	[7, 25, 68, 72]	4
1/5	859,950	[9, 13, 50, 147]	4
1/5	860,160	[6, 32, 56, 80]	4
1/5	860,160	[6, 40, 56, 64]	4
1/5	860,160	[7, 20, 64, 96]	4
1/5	866,880	[8, 14, 43, 180]	4
1/5	867,510	[6, 27, 63, 85]	4
1/5	868,140	[7, 26, 53, 90]	4
1/5	869,400	[7, 25, 69, 72]	4
1/5	870,000	[8, 15, 58, 125]	4
1/5	876,960	[7, 29, 36, 120]	4
1/5	876,960	[7, 29, 40, 108]	4
1/5	876,960	[8, 15, 58, 126]	4
1/5	877,230	[6, 27, 57, 95]	4
1/5	877,680	[8, 15, 69, 106]	4
1/5	877,800	[8, 15, 55, 133]	4
1/5	877,800	[8, 15, 77, 95]	4
1/5	879,840	[9, 16, 26, 235]	4
1/5	884,340	[6, 34, 51, 85]	4
1/5	884,400	[8, 15, 67, 110]	4
1/5	884,520	[7, 26, 45, 108]	4
1/5	884,520	[7, 27, 39, 120]	4
1/5	884,520	[7, 27, 40, 117]	4
1/5	894,600	[7, 24, 71, 75]	4
1/5	894,600	[7, 25, 71, 72]	4
1/5	897,600	[11, 16, 17, 300]	4
1/5	899,640	[8, 17, 45, 147]	4
1/5	900,000	[6, 40, 50, 75]	4
1/5	907,200	[7, 20, 72, 90]	4
1/5	907,200	[7, 25, 48, 108]	4
1/5	907,200	[7, 25, 54, 96]	4
1/5	907,200	[7, 25, 64, 81]	4
1/5	909,090	[9, 14, 37, 195]	4
1/5	909,720	[8, 15, 57, 133]	4
1/5	910,800	[8, 23, 25, 198]	4
1/5	912,600	[6, 45, 52, 65]	4
1/5	914,760	[8, 15, 77, 99]	4
1/5	924,000	[7, 22, 60, 100]	4
1/5	924,000	[7, 24, 50, 110]	4
1/5	924,000	[7, 24, 55, 100]	4
1/5	924,000	[7, 25, 40, 132]	4
1/5	925,680	[7, 29, 40, 114]	4
1/5	930,240	[10, 17, 19, 288]	4
1/5	936,000	[9, 13, 50, 160]	4
1/5	940,800	[6, 40, 56, 70]	4
1/5	947,520	[8, 15, 42, 188]	4
1/5	950,040	[7, 29, 39, 120]	4
1/5	950,040	[7, 29, 40, 117]	4
1/5	954,720	[8, 17, 39, 180]	4
1/5	958,320	[6, 33, 44, 110]	4
1/5	958,320	[6, 33, 55, 88]	4
1/5	965,250	[6, 33, 65, 75]	4
1/5	965,250	[6, 39, 55, 75]	4
1/5	966,000	[7, 25, 40, 138]	4
1/5	967,680	[7, 20, 72, 96]	4
1/5	971,040	[7, 20, 68, 102]	4
1/5	973,440	[6, 39, 52, 80]	4
1/5	973,440	[6, 39, 64, 65]	4
1/5	974,700	[6, 38, 45, 95]	4
1/5	975,240	[7, 27, 43, 120]	4
1/5	976,500	[7, 31, 36, 125]	4
1/5	979,200	[9, 17, 25, 256]	4
1/5	982,800	[7, 20, 78, 90]	4
1/5	982,800	[7, 25, 52, 108]	4
1/5	982,800	[7, 25, 54, 104]	4
1/5	982,800	[7, 27, 40, 130]	4
1/5	986,580	[7, 29, 36, 135]	4
1/5	986,700	[11, 13, 23, 300]	4
1/5	987,000	[7, 20, 50, 141]	4
1/5	987,000	[7, 25, 40, 141]	4
1/5	992,160	[9, 13, 53, 160]	4
1/5	994,950	[6, 33, 67, 75]	4
1/5	1,005,480	[8, 15, 63, 133]	4
1/5	1,016,400	[7, 20, 66, 110]	4
1/5	1,020,600	[7, 20, 81, 90]	4
1/5	1,023,750	[7, 26, 45, 125]	4
1/5	1,039,680	[6, 40, 57, 76]	4
1/5	1,040,400	[6, 40, 51, 85]	4
1/5	1,040,400	[8, 15, 51, 170]	4
1/5	1,042,470	[6, 39, 55, 81]	4
1/5	1,043,280	[8, 14, 45, 207]	4
1/5	1,043,280	[9, 14, 24, 345]	4
1/5	1,044,480	[6, 32, 68, 80]	4
1/5	1,044,480	[6, 40, 64, 68]	4
1/5	1,047,200	[11, 16, 17, 350]	4
1/5	1,048,320	[7, 26, 40, 144]	4
1/5	1,056,000	[6, 40, 44, 100]	4
1/5	1,056,510	[7, 27, 43, 130]	4
1/5	1,061,910	[6, 27, 57, 115]	4
1/5	1,062,600	[7, 23, 60, 110]	4
1/5	1,062,600	[7, 24, 55, 115]	4
1/5	1,062,600	[8, 23, 25, 231]	4
1/5	1,064,700	[6, 39, 50, 91]	4
1/5	1,075,200	[6, 32, 70, 80]	4
1/5	1,075,200	[6, 50, 56, 64]	4
1/5	1,083,600	[7, 24, 50, 129]	4
1/5	1,086,750	[7, 25, 46, 135]	4
1/5	1,089,000	[6, 33, 50, 110]	4
1/5	1,089,000	[6, 33, 55, 100]	4
1/5	1,089,000	[6, 44, 55, 75]	4
1/5	1,092,420	[6, 34, 63, 85]	4
1/5	1,096,200	[7, 29, 36, 150]	4
1/5	1,105,650	[6, 27, 75, 91]	4
1/5	1,108,800	[7, 22, 72, 100]	4
1/5	1,118,880	[7, 24, 45, 148]	4
1/5	1,122,000	[11, 16, 17, 375]	4
1/5	1,123,200	[6, 45, 64, 65]	4
1/5	1,135,680	[7, 20, 78, 104]	4
1/5	1,136,640	[6, 32, 74, 80]	4
1/5	1,136,640	[6, 40, 64, 74]	4
1/5	1,145,760	[7, 24, 44, 155]	4
1/5	1,145,760	[7, 32, 33, 155]	4
1/5	1,149,960	[7, 20, 74, 111]	4
1/5	1,152,480	[6, 49, 56, 70]	4
1/5	1,155,000	[7, 20, 55, 150]	4
1/5	1,155,840	[6, 40, 56, 86]	4
1/5	1,157,520	[7, 24, 53, 130]	4
1/5	1,158,300	[9, 13, 33, 300]	4
1/5	1,161,600	[6, 40, 44, 110]	4
1/5	1,167,360	[6, 38, 64, 80]	4
1/5	1,168,860	[7, 23, 55, 132]	4
1/5	1,169,280	[7, 29, 36, 160]	4
1/5	1,171,170	[7, 22, 65, 117]	4
1/5	1,171,800	[7, 24, 45, 155]	4
1/5	1,176,120	[6, 44, 55, 81]	4
1/5	1,179,360	[7, 24, 39, 180]	4
1/5	1,182,720	[7, 20, 88, 96]	4
1/5	1,190,400	[6, 50, 62, 64]	4
1/5	1,200,420	[12, 13, 19, 405]	4
1/5	1,201,200	[7, 26, 40, 165]	4
1/5	1,201,590	[6, 39, 65, 79]	4
1/5	1,202,850	[6, 27, 33, 225]	4
1/5	1,203,930	[6, 39, 49, 105]	4
1/5	1,205,820	[7, 29, 36, 165]	4
1/5	1,211,040	[6, 40, 58, 87]	4
1/5	1,213,800	[7, 20, 85, 102]	4
1/5	1,214,400	[8, 15, 46, 220]	4
1/5	1,216,800	[6, 39, 40, 130]	4
1/5	1,219,050	[6, 43, 45, 105]	4
1/5	1,219,050	[6, 43, 63, 75]	4
1/5	1,223,040	[8, 13, 84, 140]	4
1/5	1,224,720	[7, 20, 81, 108]	4
1/5	1,228,500	[6, 45, 50, 91]	4
1/5	1,228,500	[7, 20, 65, 135]	4
1/5	1,232,010	[6, 27, 65, 117]	4
1/5	1,234,800	[6, 28, 70, 105]	4
1/5	1,234,800	[8, 15, 42, 245]	4
1/5	1,236,480	[7, 20, 92, 96]	4
1/5	1,237,500	[6, 50, 55, 75]	4
1/5	1,238,160	[8, 15, 67, 154]	4
1/5	1,242,360	[7, 29, 36, 170]	4
1/5	1,247,400	[11, 12, 21, 450]	4
1/5	1,257,360	[6, 52, 62, 65]	4
1/5	1,258,740	[7, 27, 37, 180]	4
1/5	1,266,720	[10, 13, 29, 336]	4
1/5	1,270,500	[7, 22, 50, 165]	4
1/5	1,275,120	[8, 14, 45, 253]	4
1/5	1,276,800	[6, 38, 70, 80]	4
1/5	1,277,640	[7, 24, 45, 169]	4
1/5	1,277,640	[7, 26, 36, 195]	4
1/5	1,277,640	[7, 27, 40, 169]	4
1/5	1,281,000	[8, 15, 61, 175]	4
1/5	1,285,200	[6, 40, 63, 85]	4
1/5	1,290,240	[7, 20, 64, 144]	4
1/5	1,290,240	[7, 20, 72, 128]	4
1/5	1,293,600	[6, 55, 56, 70]	4
1/5	1,295,910	[6, 33, 77, 85]	4
1/5	1,295,910	[6, 51, 55, 77]	4
1/5	1,300,320	[7, 24, 43, 180]	4
1/5	1,300,320	[8, 14, 43, 270]	4
1/5	1,320,000	[6, 40, 55, 100]	4
1/5	1,320,000	[6, 50, 55, 80]	4
1/5	1,328,250	[7, 23, 55, 150]	4
1/5	1,332,240	[7, 26, 40, 183]	4
1/5	1,336,500	[6, 50, 55, 81]	4
1/5	1,339,800	[7, 22, 60, 145]	4
1/5	1,350,000	[6, 40, 45, 125]	4
1/5	1,351,350	[7, 22, 65, 135]	4
1/5	1,354,500	[7, 25, 43, 180]	4
1/5	1,356,600	[7, 20, 85, 114]	4
1/5	1,356,600	[7, 20, 95, 102]	4
1/5	1,360,800	[7, 20, 72, 135]	4
1/5	1,361,250	[6, 33, 55, 125]	4
1/5	1,362,420	[6, 27, 58, 145]	4
1/5	1,370,880	[7, 20, 96, 102]	4
1/5	1,372,500	[6, 50, 61, 75]	4
1/5	1,377,600	[8, 14, 41, 300]	4
1/5	1,381,590	[6, 43, 51, 105]	4
1/5	1,386,000	[7, 20, 66, 150]	4
1/5	1,386,450	[6, 45, 65, 79]	4
1/5	1,387,200	[6, 34, 80, 85]	4
1/5	1,387,200	[6, 40, 68, 85]	4
1/5	1,392,930	[7, 22, 67, 135]	4
1/5	1,396,560	[6, 44, 46, 115]	4
1/5	1,397,760	[6, 56, 64, 65]	4
1/5	1,403,325	[7, 27, 33, 225]	4
1/5	1,404,540	[6, 34, 45, 153]	4
1/5	1,407,000	[7, 20, 75, 134]	4
1/5	1,415,700	[6, 33, 65, 110]	4
1/5	1,419,600	[7, 20, 65, 156]	4
1/5	1,422,960	[8, 21, 22, 385]	4
1/5	1,424,640	[7, 20, 96, 106]	4
1/5	1,429,680	[7, 24, 46, 185]	4
1/5	1,432,080	[8, 17, 39, 270]	4
1/5	1,434,510	[7, 23, 54, 165]	4
1/5	1,434,510	[7, 23, 55, 162]	4
1/5	1,440,000	[6, 32, 75, 100]	4
1/5	1,448,370	[6, 33, 55, 133]	4
1/5	1,451,520	[7, 18, 96, 120]	4
1/5	1,452,000	[6, 40, 50, 121]	4
1/5	1,452,000	[6, 44, 55, 100]	4
1/5	1,452,000	[6, 50, 55, 88]	4
1/5	1,455,300	[11, 14, 18, 525]	4
1/5	1,456,560	[7, 20, 68, 153]	4
1/5	1,459,200	[6, 32, 80, 95]	4
1/5	1,459,200	[6, 38, 64, 100]	4
1/5	1,459,260	[6, 33, 67, 110]	4
1/5	1,464,000	[6, 40, 61, 100]	4
1/5	1,464,000	[6, 50, 61, 80]	4
1/5	1,464,750	[7, 30, 31, 225]	4
1/5	1,468,530	[6, 37, 63, 105]	4
1/5	1,473,780	[7, 29, 33, 220]	4
1/5	1,478,400	[6, 55, 56, 80]	4
1/5	1,484,730	[6, 27, 39, 235]	4
1/5	1,485,120	[6, 52, 56, 85]	4
1/5	1,489,920	[6, 32, 80, 97]	4
1/5	1,489,920	[6, 40, 64, 97]	4
1/5	1,491,000	[7, 20, 71, 150]	4
1/5	1,491,840	[7, 20, 96, 111]	4
1/5	1,494,540	[6, 38, 57, 115]	4
1/5	1,497,300	[7, 20, 93, 115]	4
1/5	1,499,400	[6, 34, 70, 105]	4
1/5	1,505,280	[6, 49, 64, 80]	4
1/5	1,510,080	[6, 52, 55, 88]	4
1/5	1,517,040	[8, 15, 42, 301]	4
1/5	1,518,720	[6, 40, 56, 113]	4
1/5	1,518,720	[7, 20, 96, 113]	4
1/5	1,524,600	[7, 20, 66, 165]	4
1/5	1,527,120	[9, 14, 24, 505]	4
1/5	1,534,500	[6, 33, 50, 155]	4
1/5	1,542,240	[7, 20, 72, 153]	4
1/5	1,544,400	[9, 13, 44, 300]	4
1/5	1,547,520	[6, 62, 64, 65]	4
1/5	1,550,400	[6, 40, 68, 95]	4
1/5	1,550,400	[6, 40, 76, 85]	4
1/5	1,559,040	[7, 29, 32, 240]	4
1/5	1,560,000	[8, 13, 100, 150]	4
1/5	1,561,560	[7, 22, 52, 195]	4
1/5	1,562,400	[7, 31, 32, 225]	4
1/5	1,564,080	[6, 28, 70, 133]	4
1/5	1,570,800	[6, 44, 70, 85]	4
1/5	1,572,480	[7, 20, 78, 144]	4
1/5	1,572,480	[7, 26, 36, 240]	4
1/5	1,572,480	[8, 13, 84, 180]	4
1/5	1,574,370	[6, 49, 63, 85]	4
1/5	1,581,840	[6, 39, 40, 169]	4
1/5	1,583,400	[7, 20, 65, 174]	4
1/5	1,583,400	[7, 20, 78, 145]	4
1/5	1,589,490	[6, 21, 87, 145]	4
1/5	1,592,640	[7, 20, 72, 158]	4
1/5	1,597,200	[6, 44, 50, 121]	4
1/5	1,602,120	[6, 52, 65, 79]	4
1/5	1,612,260	[6, 39, 53, 130]	4
1/5	1,615,950	[7, 19, 90, 135]	4
1/5	1,622,400	[6, 40, 65, 104]	4
1/5	1,625,400	[7, 25, 43, 216]	4
1/5	1,626,240	[7, 20, 66, 176]	4
1/5	1,627,920	[7, 20, 76, 153]	4
1/5	1,632,960	[7, 20, 81, 144]	4
1/5	1,642,200	[7, 20, 69, 170]	4
1/5	1,642,560	[6, 58, 59, 80]	4
1/5	1,644,300	[6, 27, 70, 145]	4
1/5	1,644,720	[6, 44, 70, 89]	4
1/5	1,644,720	[7, 20, 89, 132]	4
1/5	1,646,400	[6, 49, 56, 100]	4
1/5	1,653,600	[8, 15, 53, 260]	4
1/5	1,653,750	[6, 21, 75, 175]	4
1/5	1,656,480	[7, 29, 34, 240]	4
1/5	1,658,250	[6, 55, 67, 75]	4
1/5	1,659,840	[7, 20, 78, 152]	4
1/5	1,660,230	[9, 13, 33, 430]	4
1/5	1,661,520	[8, 14, 43, 345]	4
1/5	1,663,200	[7, 22, 54, 200]	4
1/5	1,663,200	[11, 14, 18, 600]	4
1/5	1,664,640	[6, 34, 51, 160]	4
1/5	1,665,300	[7, 20, 65, 183]	4
1/5	1,667,820	[6, 38, 77, 95]	4
1/5	1,670,760	[8, 17, 39, 315]	4
1/5	1,678,320	[7, 27, 37, 240]	4
1/5	1,680,960	[6, 40, 68, 103]	4
1/5	1,683,990	[7, 18, 81, 165]	4
1/5	1,698,480	[8, 15, 42, 337]	4
1/5	1,700,160	[8, 15, 46, 308]	4
1/5	1,703,520	[7, 20, 72, 169]	4
1/5	1,703,520	[7, 24, 39, 260]	4
1/5	1,706,670	[6, 43, 45, 147]	4
1/5	1,709,400	[7, 20, 74, 165]	4
1/5	1,711,200	[6, 40, 62, 115]	4
1/5	1,716,000	[6, 44, 65, 100]	4
1/5	1,716,000	[6, 50, 55, 104]	4
1/5	1,716,000	[6, 52, 55, 100]	4
1/5	1,716,660	[6, 34, 45, 187]	4
1/5	1,722,000	[7, 25, 41, 240]	4
1/5	1,723,680	[7, 18, 114, 120]	4
1/5	1,727,880	[6, 44, 77, 85]	4
1/5	1,727,880	[6, 55, 68, 77]	4
1/5	1,732,500	[7, 20, 55, 225]	4
1/5	1,742,400	[6, 33, 40, 220]	4
1/5	1,742,400	[6, 33, 44, 200]	4
1/5	1,742,400	[6, 40, 44, 165]	4
1/5	1,745,700	[6, 46, 55, 115]	4
1/5	1,755,600	[7, 22, 57, 200]	4
1/5	1,768,800	[6, 40, 67, 110]	4
1/5	1,768,800	[6, 44, 67, 100]	4
1/5	1,769,040	[7, 20, 78, 162]	4
1/5	1,769,040	[7, 20, 81, 156]	4
1/5	1,769,040	[7, 24, 39, 270]	4
1/5	1,774,500	[7, 25, 39, 260]	4
1/5	1,777,440	[7, 20, 69, 184]	4
1/5	1,782,000	[9, 11, 120, 150]	4
1/5	1,786,020	[6, 34, 85, 103]	4
1/5	1,786,050	[6, 35, 63, 135]	4
1/5	1,787,520	[6, 49, 76, 80]	4
1/5	1,790,910	[6, 27, 67, 165]	4
1/5	1,790,910	[6, 55, 67, 81]	4
1/5	1,809,600	[6, 40, 52, 145]	4
1/5	1,809,600	[6, 40, 65, 116]	4
1/5	1,814,400	[7, 18, 96, 150]	4
1/5	1,815,000	[6, 44, 55, 125]	4
1/5	1,818,180	[7, 27, 37, 260]	4
1/5	1,822,500	[6, 27, 50, 225]	4
1/5	1,824,000	[6, 38, 50, 160]	4
1/5	1,827,840	[6, 32, 56, 170]	4
1/5	1,827,840	[6, 32, 68, 140]	4
1/5	1,827,840	[6, 32, 70, 136]	4
1/5	1,827,840	[6, 32, 85, 112]	4
1/5	1,827,840	[6, 34, 70, 128]	4
1/5	1,829,520	[8, 21, 22, 495]	4
1/5	1,834,560	[8, 13, 84, 210]	4
1/5	1,845,000	[6, 41, 75, 100]	4
1/5	1,848,000	[7, 22, 50, 240]	4
1/5	1,848,000	[8, 21, 22, 500]	4
1/5	1,848,510	[6, 47, 57, 115]	4
1/5	1,848,510	[6, 47, 69, 95]	4
1/5	1,871,100	[7, 27, 33, 300]	4
1/5	1,871,100	[11, 12, 21, 675]	4
1/5	1,881,600	[6, 49, 64, 100]	4
1/5	1,888,110	[6, 37, 63, 135]	4
1/5	1,888,110	[7, 18, 111, 135]	4
1/5	1,890,000	[7, 18, 100, 150]	4
1/5	1,895,250	[7, 25, 38, 285]	4
1/5	1,896,300	[6, 43, 70, 105]	4
1/5	1,896,960	[6, 38, 52, 160]	4
1/5	1,897,500	[6, 50, 55, 115]	4
1/5	1,903,200	[6, 40, 65, 122]	4
1/5	1,905,120	[12, 14, 18, 21, 30]	5
1/5	1,916,460	[7, 18, 78, 195]	4
1/5	1,916,460	[7, 18, 117, 130]	4
1/5	1,931,160	[6, 44, 55, 133]	4
1/5	1,933,470	[6, 21, 99, 155]	4
1/5	1,933,470	[7, 18, 99, 155]	4
1/5	1,935,360	[7, 18, 96, 160]	4
1/5	1,937,250	[6, 21, 75, 205]	4
1/5	1,937,250	[6, 35, 75, 123]	4
1/5	1,939,140	[7, 19, 108, 135]	4
1/5	1,939,140	[7, 20, 81, 171]	4
1/5	1,940,400	[11, 12, 21, 700]	4
1/5	1,943,040	[6, 40, 46, 176]	4
1/5	1,945,680	[6, 55, 67, 88]	4
1/5	1,950,480	[7, 24, 43, 270]	4
1/5	1,955,100	[6, 49, 70, 95]	4
1/5	1,956,240	[6, 39, 40, 209]	4
1/5	1,956,240	[8, 19, 26, 495]	4
1/5	1,959,360	[6, 40, 52, 157]	4
1/5	1,968,000	[6, 41, 80, 100]	4
1/5	1,971,840	[6, 64, 65, 79]	4
1/5	1,975,680	[6, 21, 112, 140]	4
1/5	1,987,440	[6, 28, 70, 169]	4
1/5	1,989,120	[6, 32, 74, 140]	4
1/5	1,993,950	[6, 21, 75, 211]	4
1/5	2,006,550	[6, 49, 65, 105]	4
1/5	2,009,700	[7, 29, 33, 300]	4
1/5	2,022,720	[6, 43, 56, 140]	4
1/5	2,022,720	[6, 43, 70, 112]	4
1/5	2,025,660	[6, 53, 70, 91]	4
1/5	2,032,800	[7, 20, 55, 264]	4
1/5	2,036,160	[9, 14, 32, 505]	4
1/5	2,058,000	[6, 49, 50, 140]	4
1/5	2,059,200	[9, 13, 44, 400]	4
1/5	2,066,400	[7, 24, 41, 300]	4
1/5	2,066,400	[7, 25, 41, 288]	4
1/5	2,066,400	[8, 14, 41, 450]	4
1/5	2,073,600	[15, 16, 18, 20, 24]	5
1/5	2,096,640	[7, 26, 36, 320]	4
1/5	2,101,200	[6, 40, 85, 103]	4
1/5	2,104,500	[6, 50, 61, 115]	4
1/5	2,113,020	[9, 13, 43, 420]	4
1/5	2,125,200	[6, 55, 56, 115]	4
1/5	2,126,250	[6, 21, 125, 135]	4
1/5	2,126,250	[7, 18, 125, 135]	4
1/5	2,132,820	[6, 34, 51, 205]	4
1/5	2,134,440	[6, 21, 110, 154]	4
1/5	2,140,320	[6, 49, 52, 140]	4
1/5	2,143,680	[7, 29, 33, 320]	4
1/5	2,149,680	[6, 53, 65, 104]	4
1/5	2,154,600	[7, 19, 120, 135]	4
1/5	2,160,270	[6, 21, 127, 135]	4
1/5	2,160,270	[7, 18, 127, 135]	4
1/5	2,180,400	[8, 15, 46, 395]	4
1/5	2,182,950	[6, 27, 77, 175]	4
1/5	2,182,950	[9, 11, 147, 150]	4
1/5	2,184,000	[8, 13, 100, 210]	4
1/5	2,184,000	[8, 13, 140, 150]	4
1/5	2,194,500	[6, 50, 55, 133]	4
1/5	2,194,500	[7, 22, 50, 285]	4
1/5	2,205,000	[6, 21, 100, 175]	4
1/5	2,205,000	[6, 28, 75, 175]	4
1/5	2,205,000	[14, 15, 20, 21, 25]	5
1/5	2,207,520	[7, 20, 73, 216]	4
1/5	2,211,000	[6, 55, 67, 100]	4
1/5	2,217,600	[7, 22, 48, 300]	4
1/5	2,217,600	[7, 22, 50, 288]	4
1/5	2,217,600	[11, 14, 18, 800]	4
1/5	2,219,520	[6, 32, 85, 136]	4
1/5	2,222,640	[12, 14, 18, 21, 35]	5
1/5	2,223,450	[6, 27, 61, 225]	4
1/5	2,234,400	[6, 49, 80, 95]	4
1/5	2,235,840	[6, 34, 80, 137]	4
1/5	2,235,870	[6, 21, 91, 195]	4
1/5	2,236,500	[7, 20, 71, 225]	4
1/5	2,246,640	[6, 44, 46, 185]	4
1/5	2,257,920	[6, 21, 112, 160]	4
1/5	2,257,920	[12, 16, 20, 21, 28]	5
1/5	2,260,440	[7, 26, 36, 345]	4
1/5	2,265,120	[8, 13, 132, 165]	4
1/5	2,286,900	[7, 18, 110, 165]	4
1/5	2,293,200	[6, 21, 130, 140]	4
1/5	2,293,200	[6, 28, 105, 130]	4
1/5	2,298,240	[7, 18, 120, 152]	4
1/5	2,302,650	[6, 43, 85, 105]	4
1/5	2,304,960	[6, 35, 98, 112]	4
1/5	2,308,680	[6, 33, 44, 265]	4
1/5	2,308,800	[8, 13, 100, 222]	4
1/5	2,308,800	[8, 13, 148, 150]	4
1/5	2,315,040	[8, 15, 53, 364]	4
1/5	2,323,200	[6, 32, 100, 121]	4
1/5	2,323,200	[6, 40, 55, 176]	4
1/5	2,324,700	[7, 18, 123, 150]	4
1/5	2,334,150	[7, 19, 130, 135]	4
1/5	2,337,720	[7, 23, 44, 330]	4
1/5	2,338,560	[7, 29, 32, 360]	4
1/5	2,340,000	[8, 13, 100, 225]	4
1/5	2,346,120	[6, 21, 133, 140]	4
1/5	2,346,120	[6, 28, 105, 133]	4
1/5	2,352,000	[6, 49, 50, 160]	4
1/5	2,356,200	[11, 12, 21, 850]	4
1/5	2,358,720	[7, 18, 78, 240]	4
1/5	2,358,720	[7, 18, 96, 195]	4
1/5	2,358,720	[8, 13, 126, 180]	4
1/5	2,362,500	[7, 18, 125, 150]	4
1/5	2,365,440	[7, 20, 66, 256]	4
1/5	2,370,060	[7, 19, 132, 135]	4
1/5	2,376,000	[9, 11, 120, 200]	4
1/5	2,379,300	[7, 20, 55, 309]	4
1/5	2,379,300	[7, 22, 50, 309]	4
1/5	2,380,800	[6, 32, 62, 200]	4
1/5	2,381,400	[12, 15, 18, 21, 35]	5
1/5	2,388,960	[7, 18, 120, 158]	4
1/5	2,390,850	[6, 21, 115, 165]	4
1/5	2,390,850	[6, 35, 69, 165]	4
1/5	2,390,850	[7, 23, 45, 330]	4
1/5	2,391,480	[7, 24, 39, 365]	4
1/5	2,391,480	[7, 26, 36, 365]	4
1/5	2,399,040	[6, 21, 136, 140]	4
1/5	2,405,970	[7, 19, 134, 135]	4
1/5	2,410,800	[6, 41, 98, 100]	4
1/5	2,413,320	[6, 34, 70, 169]	4
1/5	2,417,580	[6, 37, 99, 110]	4
1/5	2,419,200	[7, 18, 96, 200]	4
1/5	2,419,200	[12, 16, 20, 21, 30]	5
1/5	2,419,200	[15, 16, 20, 21, 24]	5
1/5	2,421,720	[6, 21, 124, 155]	4
1/5	2,421,720	[6, 28, 93, 155]	4
1/5	2,425,500	[10, 11, 42, 525]	4
1/5	2,428,800	[6, 32, 110, 115]	4
1/5	2,439,360	[6, 28, 88, 165]	4
1/5	2,443,980	[7, 22, 46, 345]	4
1/5	2,446,080	[6, 49, 52, 160]	4
1/5	2,449,200	[6, 40, 65, 157]	4
1/5	2,456,160	[6, 43, 68, 140]	4
1/5	2,456,160	[6, 43, 70, 136]	4
1/5	2,457,000	[7, 25, 39, 360]	4
1/5	2,462,400	[12, 18, 19, 20, 30]	5
1/5	2,464,020	[6, 26, 117, 135]	4
1/5	2,464,680	[6, 47, 76, 115]	4
1/5	2,464,680	[6, 47, 92, 95]	4
1/5	2,469,600	[6, 21, 112, 175]	4
1/5	2,477,790	[6, 21, 115, 171]	4
1/5	2,477,790	[7, 18, 115, 171]	4
1/5	2,477,790	[7, 19, 115, 162]	4
1/5	2,497,110	[7, 23, 47, 330]	4
1/5	2,508,480	[8, 13, 134, 180]	4
1/5	2,520,000	[6, 28, 75, 200]	4
1/5	2,527,200	[8, 13, 108, 225]	4
1/5	2,527,200	[8, 13, 135, 180]	4
1/5	2,534,400	[15, 16, 20, 22, 24]	5
1/5	2,540,160	[14, 18, 20, 21, 24]	5
1/5	2,550,240	[7, 20, 69, 264]	4
1/5	2,553,600	[6, 32, 95, 140]	4
1/5	2,555,280	[7, 18, 78, 260]	4
1/5	2,555,280	[7, 18, 120, 169]	4
1/5	2,557,440	[12, 16, 18, 20, 37]	5
1/5	2,557,800	[6, 21, 116, 175]	4
1/5	2,557,800	[6, 28, 87, 175]	4
1/5	2,564,100	[11, 12, 21, 925]	4
1/5	2,564,100	[11, 14, 18, 925]	4
1/5	2,577,960	[7, 18, 132, 155]	4
1/5	2,580,480	[7, 18, 128, 160]	4
1/5	2,585,520	[7, 19, 90, 216]	4
1/5	2,587,200	[6, 40, 44, 245]	4
1/5	2,587,200	[6, 40, 55, 196]	4
1/5	2,587,410	[7, 18, 111, 185]	4
1/5	2,592,000	[15, 16, 18, 24, 25]	5
1/5	2,593,500	[7, 25, 39, 380]	4
1/5	2,598,750	[9, 11, 150, 175]	4
1/5	2,607,360	[6, 32, 97, 140]	4
1/5	2,626,560	[16, 18, 19, 20, 24]	5
1/5	2,627,520	[7, 20, 69, 272]	4
1/5	2,632,500	[6, 27, 50, 325]	4
1/5	2,634,660	[7, 18, 102, 205]	4
1/5	2,636,550	[7, 18, 93, 225]	4
1/5	2,639,520	[8, 13, 108, 235]	4
1/5	2,640,400	[8, 14, 41, 575]	4
1/5	2,645,760	[6, 53, 65, 128]	4
1/5	2,649,150	[6, 35, 87, 145]	4
1/5	2,652,000	[8, 13, 100, 255]	4
1/5	2,664,480	[8, 13, 140, 183]	4
1/5	2,675,400	[6, 49, 65, 140]	4
1/5	2,676,480	[6, 32, 68, 205]	4
1/5	2,676,480	[6, 34, 64, 205]	4
1/5	2,688,000	[14, 16, 20, 24, 25]	5
1/5	2,708,160	[8, 13, 84, 310]	4
1/5	2,714,400	[8, 13, 100, 261]	4
1/5	2,719,200	[6, 40, 55, 206]	4
1/5	2,721,180	[6, 38, 77, 155]	4
1/5	2,737,800	[6, 27, 52, 325]	4
1/5	2,751,840	[8, 13, 84, 315]	4
1/5	2,751,840	[8, 13, 126, 210]	4
1/5	2,755,200	[7, 24, 41, 400]	4
1/5	2,756,250	[6, 21, 125, 175]	4
1/5	2,763,750	[6, 55, 67, 125]	4
1/5	2,768,220	[6, 21, 130, 169]	4
1/5	2,768,220	[6, 26, 91, 195]	4
1/5	2,768,220	[6, 26, 105, 169]	4
1/5	2,778,300	[14, 15, 18, 21, 35]	5
1/5	2,787,840	[6, 33, 40, 352]	4
1/5	2,808,000	[12, 18, 20, 25, 26]	5
1/5	2,814,240	[8, 13, 164, 165]	4
1/5	2,817,360	[9, 13, 43, 560]	4
1/5	2,818,260	[6, 34, 45, 307]	4
1/5	2,821,500	[9, 11, 150, 190]	4
1/5	2,822,400	[6, 21, 80, 280]	4
1/5	2,822,400	[6, 21, 100, 224]	4
1/5	2,822,400	[12, 16, 20, 21, 35]	5
1/5	2,822,400	[14, 16, 21, 24, 25]	5
1/5	2,822,400	[15, 16, 20, 21, 28]	5
1/5	2,825,760	[6, 28, 116, 145]	4
1/5	2,835,000	[7, 18, 100, 225]	4
1/5	2,839,200	[6, 35, 104, 130]	4
1/5	2,839,200	[7, 20, 52, 390]	4
1/5	2,844,450	[6, 43, 45, 245]	4
1/5	2,851,200	[9, 11, 96, 300]	4
1/5	2,851,200	[15, 18, 20, 22, 24]	5
1/5	2,857,680	[12, 14, 18, 21, 45]	5
1/5	2,864,160	[8, 13, 153, 180]	4
1/5	2,869,020	[7, 23, 45, 396]	4
1/5	2,889,600	[6, 32, 70, 215]	4
1/5	2,893,800	[8, 15, 53, 455]	4
1/5	2,901,600	[8, 13, 155, 180]	4
1/5	2,907,660	[6, 43, 70, 161]	4
1/5	2,908,710	[7, 19, 81, 270]	4
1/5	2,908,710	[7, 19, 90, 243]	4
1/5	2,908,710	[15, 18, 19, 21, 27]	5
1/5	2,910,600	[9, 11, 168, 175]	4
1/5	2,923,200	[7, 29, 32, 450]	4
1/5	2,925,720	[12, 15, 18, 21, 43]	5
1/5	2,929,500	[7, 18, 125, 186]	4
1/5	2,939,040	[8, 13, 157, 180]	4
1/5	2,940,000	[6, 28, 100, 175]	4
1/5	2,948,400	[7, 25, 39, 432]	4
1/5	2,955,150	[9, 11, 150, 199]	4
1/5	2,963,520	[14, 16, 18, 21, 35]	5
1/5	2,970,000	[9, 11, 120, 250]	4
1/5	2,972,750	[10, 11, 47, 575]	4
1/5	2,976,000	[6, 32, 62, 250]	4
1/5	2,981,160	[6, 21, 91, 260]	4
1/5	2,981,160	[6, 21, 140, 169]	4
1/5	2,981,160	[6, 28, 91, 195]	4
1/5	2,981,160	[6, 28, 105, 169]	4
1/5	2,994,600	[7, 20, 62, 345]	4
1/5	2,995,200	[13, 16, 20, 24, 30]	5
1/5	3,006,990	[6, 43, 45, 259]	4
1/5	3,007,620	[6, 21, 154, 155]	4
1/5	3,014,550	[9, 11, 174, 175]	4
1/5	3,020,220	[7, 18, 141, 170]	4
1/5	3,020,640	[7, 29, 32, 465]	4
1/5	3,024,000	[7, 18, 100, 240]	4
1/5	3,024,000	[15, 16, 21, 24, 25]	5
1/5	3,035,340	[7, 18, 146, 165]	4
1/5	3,049,200	[6, 33, 40, 385]	4
1/5	3,052,560	[8, 15, 46, 553]	4
1/5	3,057,600	[6, 49, 65, 160]	4
1/5	3,058,080	[6, 40, 46, 277]	4
1/5	3,064,320	[7, 18, 152, 160]	4
1/5	3,070,200	[6, 43, 85, 140]	4
1/5	3,073,770	[6, 21, 119, 205]	4
1/5	3,073,770	[6, 35, 119, 123]	4
1/5	3,078,000	[12, 18, 19, 25, 30]	5
1/5	3,087,000	[10, 15, 21, 28, 35]	5
1/5	3,088,260	[7, 18, 129, 190]	4
1/5	3,091,200	[6, 28, 80, 230]	4
1/5	3,099,600	[7, 24, 41, 450]	4
1/5	3,106,320	[6, 28, 86, 215]	4
1/5	3,118,080	[6, 32, 58, 280]	4
1/5	3,118,080	[14, 16, 20, 24, 29]	5
1/5	3,120,180	[7, 20, 69, 323]	4
1/5	3,124,380	[6, 43, 70, 173]	4
1/5	3,128,160	[6, 35, 112, 133]	4
1/5	3,144,960	[7, 18, 104, 240]	4
1/5	3,148,800	[6, 41, 64, 200]	4
1/5	3,150,000	[7, 18, 125, 200]	4
1/5	3,151,680	[6, 35, 112, 134]	4
1/5	3,168,000	[9, 11, 160, 200]	4
1/5	3,169,530	[6, 39, 43, 315]	4
1/5	3,175,200	[12, 18, 21, 25, 28]	5
1/5	3,175,200	[14, 15, 18, 24, 35]	5
1/5	3,175,200	[14, 15, 20, 21, 36]	5
1/5	3,175,200	[14, 18, 21, 24, 25]	5
1/5	3,180,870	[6, 27, 33, 595]	4
1/5	3,180,870	[7, 27, 34, 495]	4
1/5	3,185,280	[7, 18, 158, 160]	4
1/5	3,187,800	[7, 23, 45, 440]	4
1/5	3,188,640	[8, 13, 84, 365]	4
1/5	3,194,100	[6, 26, 91, 225]	4
1/5	3,194,100	[7, 18, 78, 325]	4
1/5	3,194,880	[6, 26, 128, 160]	4
1/5	3,198,720	[6, 32, 85, 196]	4
1/5	3,205,440	[7, 18, 106, 240]	4
1/5	3,210,480	[6, 21, 91, 280]	4
1/5	3,225,600	[7, 18, 128, 200]	4
1/5	3,225,600	[12, 14, 16, 30, 40]	5
1/5	3,225,600	[12, 14, 20, 30, 32]	5
1/5	3,225,600	[12, 15, 16, 28, 40]	5
1/5	3,225,600	[12, 15, 20, 28, 32]	5
1/5	3,234,000	[14, 20, 21, 22, 25]	5
1/5	3,245,760	[6, 21, 92, 280]	4
1/5	3,264,000	[12, 16, 20, 25, 34]	5
1/5	3,283,200	[16, 18, 19, 20, 30]	5
1/5	3,303,720	[7, 18, 115, 228]	4
1/5	3,307,200	[6, 40, 53, 260]	4
1/5	3,309,390	[6, 21, 103, 255]	4
1/5	3,310,560	[6, 33, 40, 418]	4
1/5	3,323,250	[6, 35, 75, 211]	4
1/5	3,332,700	[6, 35, 69, 230]	4
1/5	3,333,960	[12, 14, 21, 27, 35]	5
1/5	3,341,520	[7, 18, 78, 340]	4
1/5	3,344,250	[6, 49, 65, 175]	4
1/5	3,347,190	[6, 35, 63, 253]	4
1/5	3,348,000	[12, 18, 20, 25, 31]	5
1/5	3,369,600	[12, 15, 18, 26, 40]	5
1/5	3,369,600	[13, 18, 20, 24, 30]	5
1/5	3,378,960	[8, 13, 114, 285]	4
1/5	3,386,880	[14, 16, 18, 21, 40]	5
1/5	3,386,880	[14, 18, 20, 21, 32]	5
1/5	3,397,680	[8, 13, 165, 198]	4
1/5	3,407,040	[7, 18, 160, 169]	4
1/5	3,413,760	[6, 28, 80, 254]	4
1/5	3,417,120	[7, 18, 113, 240]	4
1/5	3,417,750	[6, 21, 125, 217]	4
1/5	3,418,800	[8, 21, 22, 925]	4
1/5	3,426,570	[6, 37, 63, 245]	4
1/5	3,432,000	[8, 13, 110, 300]	4
1/5	3,437,280	[7, 18, 155, 176]	4
1/5	3,439,800	[6, 28, 91, 225]	4
1/5	3,444,000	[6, 28, 100, 205]	4
1/5	3,444,000	[6, 35, 100, 164]	4
1/5	3,444,000	[7, 24, 41, 500]	4
1/5	3,447,360	[7, 24, 38, 540]	4
1/5	3,452,625	[9, 11, 93, 375]	4
1/5	3,465,000	[9, 11, 175, 200]	4
1/5	3,471,060	[6, 34, 83, 205]	4
1/5	3,492,720	[12, 14, 18, 33, 35]	5
1/5	3,494,400	[6, 26, 140, 160]	4
1/5	3,494,400	[6, 35, 104, 160]	4
1/5	3,499,200	[10, 15, 24, 27, 36]	5
1/5	3,506,580	[7, 23, 44, 495]	4
1/5	3,506,580	[7, 23, 45, 484]	4
1/5	3,512,880	[7, 18, 136, 205]	4
1/5	3,515,400	[7, 18, 93, 300]	4
1/5	3,528,000	[10, 15, 24, 28, 35]	5
1/5	3,528,000	[12, 14, 20, 30, 35]	5
1/5	3,528,000	[12, 15, 20, 28, 35]	5
1/5	3,528,000	[12, 20, 21, 25, 28]	5
1/5	3,528,000	[14, 15, 20, 24, 35]	5
1/5	3,528,000	[15, 16, 20, 21, 35]	5
1/5	3,532,200	[6, 35, 116, 145]	4
1/5	3,532,200	[7, 20, 58, 435]	4
1/5	3,538,080	[8, 13, 126, 270]	4
1/5	3,538,080	[8, 13, 135, 252]	4
1/5	3,538,080	[13, 18, 21, 24, 30]	5
1/5	3,540,600	[6, 21, 100, 281]	4
1/5	3,540,600	[6, 28, 75, 281]	4
1/5	3,544,800	[6, 28, 100, 211]	4
1/5	3,554,880	[6, 28, 115, 184]	4
1/5	3,572,100	[12, 15, 21, 27, 35]	5
1/5	3,587,220	[7, 18, 78, 365]	4
1/5	3,591,000	[7, 25, 38, 540]	4
1/5	3,594,240	[13, 16, 18, 24, 40]	5
1/5	3,600,450	[6, 35, 127, 135]	4
1/5	3,606,390	[6, 37, 95, 171]	4
1/5	3,606,720	[6, 32, 85, 221]	4
1/5	3,606,720	[8, 13, 68, 510]	4
1/5	3,606,720	[8, 13, 102, 340]	4
1/5	3,628,800	[10, 15, 24, 28, 36]	5
1/5	3,628,800	[12, 16, 20, 21, 45]	5
1/5	3,628,800	[14, 15, 20, 24, 36]	5
1/5	3,628,800	[15, 16, 18, 20, 42]	5
1/5	3,628,800	[15, 16, 20, 21, 36]	5
1/5	3,632,580	[7, 18, 93, 310]	4
1/5	3,642,660	[6, 21, 98, 295]	4
1/5	3,652,110	[6, 21, 155, 187]	4
1/5	3,652,110	[6, 35, 93, 187]	4
1/5	3,652,110	[7, 18, 155, 187]	4
1/5	3,655,680	[6, 35, 128, 136]	4
1/5	3,655,680	[12, 16, 17, 28, 40]	5
1/5	3,655,680	[12, 17, 20, 28, 32]	5
1/5	3,655,680	[14, 16, 17, 24, 40]	5
1/5	3,662,820	[7, 19, 85, 324]	4
1/5	3,675,000	[6, 28, 125, 175]	4
1/5	3,685,500	[15, 18, 21, 25, 26]	5
1/5	3,690,000	[10, 15, 24, 25, 41]	5
1/5	3,690,750	[7, 25, 38, 555]	4
1/5	3,693,600	[12, 18, 19, 20, 45]	5
1/5	3,704,400	[12, 15, 21, 28, 35]	5
1/5	3,706,560	[8, 13, 110, 324]	4
1/5	3,712,500	[9, 11, 125, 300]	4
1/5	3,712,800	[6, 35, 104, 170]	4
1/5	3,726,450	[6, 21, 91, 325]	4
1/5	3,726,450	[6, 35, 91, 195]	4
1/5	3,735,270	[6, 33, 49, 385]	4
1/5	3,735,270	[6, 49, 55, 231]	4
1/5	3,742,200	[15, 20, 21, 22, 27]	5
1/5	3,744,000	[12, 16, 25, 26, 30]	5
1/5	3,744,000	[16, 18, 20, 25, 26]	5
1/5	3,745,560	[8, 13, 147, 245]	4
1/5	3,748,500	[14, 15, 21, 25, 34]	5
1/5	3,756,480	[6, 43, 56, 260]	4
1/5	3,762,000	[9, 11, 190, 200]	4
1/5	3,762,720	[8, 13, 134, 270]	4
1/5	3,762,720	[8, 13, 135, 268]	4
1/5	3,763,200	[6, 35, 80, 224]	4
1/5	3,763,200	[8, 12, 20, 28, 70]	5
1/5	3,763,200	[10, 16, 24, 28, 35]	5
1/5	3,763,200	[12, 14, 16, 35, 40]	5
1/5	3,763,200	[12, 14, 20, 32, 35]	5
1/5	3,774,540	[6, 43, 77, 190]	4
1/5	3,780,000	[14, 15, 20, 25, 36]	5
1/5	3,788,400	[7, 24, 41, 550]	4
1/5	3,790,800	[8, 13, 162, 225]	4
1/5	3,790,800	[12, 13, 18, 30, 45]	5
1/5	3,792,600	[14, 15, 20, 21, 43]	5
1/5	3,793,920	[6, 26, 152, 160]	4
1/5	3,801,600	[9, 11, 96, 400]	4
1/5	3,801,600	[15, 16, 20, 22, 36]	5
1/5	3,801,600	[15, 18, 20, 22, 32]	5
1/5	3,802,500	[6, 26, 75, 325]	4
1/5	3,810,240	[14, 15, 18, 21, 48]	5
1/5	3,810,240	[14, 16, 18, 21, 45]	5
1/5	3,813,000	[6, 41, 62, 250]	4
1/5	3,822,000	[10, 15, 26, 28, 35]	5
1/5	3,822,000	[14, 15, 20, 26, 35]	5
1/5	3,823,470	[6, 21, 51, 595]	4
1/5	3,827,040	[6, 35, 134, 136]	4
1/5	3,836,160	[12, 16, 20, 27, 37]	5
1/5	3,837,750	[6, 43, 85, 175]	4
1/5	3,841,200	[6, 33, 40, 485]	4
1/5	3,843,000	[7, 20, 61, 450]	4
1/5	3,854,340	[6, 21, 115, 266]	4
1/5	3,861,000	[9, 11, 130, 300]	4
1/5	3,878,280	[7, 19, 81, 360]	4
1/5	3,878,280	[12, 19, 21, 27, 30]	5
1/5	3,878,280	[15, 19, 21, 24, 27]	5
1/5	3,880,800	[9, 11, 175, 224]	4
1/5	3,880,800	[9, 11, 196, 200]	4
1/5	3,880,800	[12, 20, 21, 22, 35]	5
1/5	3,880,800	[14, 21, 22, 24, 25]	5
1/5	3,882,900	[6, 35, 86, 215]	4
1/5	3,897,600	[6, 32, 58, 350]	4
1/5	3,897,600	[12, 16, 20, 29, 35]	5
1/5	3,897,600	[14, 16, 20, 29, 30]	5
1/5	3,897,600	[15, 16, 20, 28, 29]	5
1/5	3,900,000	[8, 13, 125, 300]	4
1/5	3,906,000	[7, 18, 125, 248]	4
1/5	3,912,480	[8, 13, 76, 495]	4
1/5	3,912,720	[6, 28, 137, 170]	4
1/5	3,916,800	[12, 16, 17, 30, 40]	5
1/5	3,916,800	[12, 17, 20, 30, 32]	5
1/5	3,916,800	[15, 16, 17, 24, 40]	5
1/5	3,916,800	[15, 17, 20, 24, 32]	5
1/5	3,917,760	[6, 28, 88, 265]	4
1/5	3,936,000	[12, 16, 20, 25, 41]	5
1/5	3,940,200	[9, 11, 199, 200]	4
1/5	3,943,680	[6, 26, 158, 160]	4
1/5	3,943,680	[6, 32, 79, 260]	4
1/5	3,950,100	[9, 11, 133, 300]	4
1/5	3,959,280	[8, 13, 162, 235]	4
1/5	3,960,000	[9, 11, 160, 250]	4
1/5	3,960,600	[7, 24, 41, 575]	4
1/5	3,963,960	[8, 13, 165, 231]	4
1/5	3,969,000	[10, 15, 18, 35, 42]	5
1/5	3,969,000	[10, 15, 21, 35, 36]	5
1/5	3,969,000	[10, 15, 27, 28, 35]	5
1/5	3,974,880	[6, 26, 91, 280]	4
1/5	3,974,880	[6, 28, 91, 260]	4
1/5	3,974,880	[6, 35, 112, 169]	4
1/5	3,986,640	[6, 21, 113, 280]	4
1/5	3,993,600	[6, 26, 128, 200]	4
1/5	4,012,800	[6, 38, 44, 400]	4
1/5	4,013,100	[13, 14, 21, 30, 35]	5
1/5	4,017,600	[12, 15, 18, 20, 62]	5
1/5	4,019,400	[9, 11, 175, 232]	4
1/5	4,021,920	[12, 18, 19, 28, 35]	5
1/5	4,032,000	[7, 18, 100, 320]	4
1/5	4,032,000	[12, 15, 16, 35, 40]	5
1/5	4,032,000	[12, 15, 25, 28, 32]	5
1/5	4,032,000	[14, 16, 20, 25, 36]	5
1/5	4,045,440	[14, 16, 20, 21, 43]	5
1/5	4,051,320	[8, 15, 53, 637]	4
1/5	4,054,260	[6, 35, 98, 197]	4
1/5	4,062,240	[8, 13, 126, 310]	4
1/5	4,065,600	[6, 28, 121, 200]	4
1/5	4,074,840	[6, 28, 63, 385]	4
1/5	4,075,920	[12, 15, 18, 34, 37]	5
1/5	4,080,510	[6, 35, 127, 153]	4
1/5	4,083,600	[6, 41, 83, 200]	4
1/5	4,087,200	[8, 13, 131, 300]	4
1/5	4,090,500	[6, 27, 50, 505]	4
1/5	4,092,480	[12, 20, 21, 28, 29]	5
1/5	4,095,000	[7, 18, 100, 325]	4
1/5	4,095,000	[8, 13, 175, 225]	4
1/5	4,095,000	[14, 15, 20, 25, 39]	5
1/5	4,098,360	[6, 28, 119, 205]	4
1/5	4,098,360	[6, 35, 119, 164]	4
1/5	4,106,700	[6, 26, 81, 325]	4
1/5	4,112,640	[16, 17, 18, 24, 35]	5
1/5	4,116,420	[7, 18, 66, 495]	4
1/5	4,139,520	[6, 35, 88, 224]	4
1/5	4,157,730	[6, 27, 59, 435]	4
1/5	4,158,000	[12, 21, 22, 25, 30]	5
1/5	4,158,000	[18, 20, 21, 22, 25]	5
1/5	4,166,400	[6, 35, 80, 248]	4
1/5	4,185,090	[6, 21, 91, 365]	4
1/5	4,185,090	[6, 35, 91, 219]	4
1/5	4,189,680	[6, 33, 40, 529]	4
1/5	4,193,280	[7, 18, 104, 320]	4
1/5	4,193,280	[7, 20, 52, 576]	4
1/5	4,193,280	[12, 14, 26, 30, 32]	5
1/5	4,193,280	[13, 16, 20, 24, 42]	5
1/5	4,193,280	[13, 16, 21, 24, 40]	51/5	30	[3, 10]	2
1/5	80	[8, 10]	2
1/5	90	[6, 15]	2
1/5	90	[9, 10]	2
1/5	105	[7, 15]	2
1/5	120	[6, 20]	2
1/5	150	[6, 25]	2
1/5	240	[5, 6, 8]	3
1/5	840	[3, 4, 7, 10]	4
1/5	840	[3, 5, 7, 8]	4
1/5	1,620	[9, 12, 15]	3
1/5	1,800	[10, 12, 15]	3
1/5	1,920	[10, 12, 16]	3
1/5	1,950	[10, 13, 15]	3
1/5	2,160	[9, 12, 20]	3
1/5	2,240	[8, 14, 20]	3
1/5	2,240	[10, 14, 16]	3
1/5	2,340	[12, 13, 15]	3
1/5	2,400	[8, 12, 25]	3
1/5	2,400	[8, 15, 20]	3
1/5	2,520	[10, 12, 21]	3
1/5	2,565	[9, 15, 19]	3
1/5	2,700	[9, 12, 25]	3
1/5	2,720	[8, 17, 20]	3
1/5	2,720	[10, 16, 17]	3
1/5	2,730	[13, 14, 15]	3
1/5	2,750	[10, 11, 25]	3
1/5	2,880	[9, 16, 20]	3
1/5	3,120	[10, 13, 24]	3
1/5	3,300	[11, 12, 25]	3
1/5	3,360	[8, 14, 30]	3
1/5	3,360	[8, 15, 28]	3
1/5	3,420	[9, 19, 20]	3
1/5	3,510	[9, 13, 30]	3
1/5	3,510	[10, 13, 27]	3
1/5	3,600	[8, 18, 25]	3
1/5	3,600	[9, 16, 25]	3
1/5	4,080	[8, 17, 30]	3
1/5	4,200	[7, 20, 30]	3
1/5	4,200	[8, 15, 35]	3
1/5	4,200	[8, 21, 25]	3
1/5	4,680	[9, 13, 40]	3
1/5	4,760	[8, 17, 35]	3
1/5	5,040	[7, 24, 30]	3
1/5	5,250	[7, 25, 30]	3
1/5	5,670	[6, 21, 45]	3
1/5	5,670	[7, 18, 45]	3
1/5	5,670	[7, 27, 30]	3
1/5	5,880	[8, 15, 49]	3
1/5	6,090	[7, 29, 30]	3
1/5	6,240	[8, 13, 60]	3
1/5	6,300	[7, 20, 45]	3
1/5	6,300	[7, 25, 36]	3
1/5	6,720	[7, 20, 48]	3
1/5	6,720	[5, 6, 14, 16]	4
1/5	6,720	[5, 7, 12, 16]	4
1/5	6,930	[7, 22, 45]	3
1/5	7,425	[9, 11, 75]	3
1/5	7,560	[7, 18, 60]	3
1/5	7,560	[7, 20, 54]	3
1/5	7,680	[6, 32, 40]	3
1/5	7,980	[7, 20, 57]	3
1/5	8,820	[6, 21, 70]	3
1/5	8,910	[6, 27, 55]	3
1/5	9,120	[6, 38, 40]	3
1/5	9,120	[5, 6, 16, 19]	4
1/5	9,360	[8, 13, 90]	3
1/5	9,450	[6, 35, 45]	3
1/5	9,450	[7, 18, 75]	3
1/5	9,600	[6, 32, 50]	3
1/5	9,900	[9, 11, 100]	3
1/5	9,990	[6, 37, 45]	3
1/5	10,080	[7, 18, 80]	3
1/5	10,140	[6, 26, 65]	3
1/5	10,710	[6, 21, 85]	3
1/5	10,710	[6, 35, 51]	3
1/5	10,710	[7, 18, 85]	3
1/5	10,920	[8, 13, 105]	3
1/5	11,760	[6, 35, 56]	3
1/5	11,760	[6, 40, 49]	3
1/5	12,300	[6, 41, 50]	3
1/5	12,480	[6, 26, 80]	3
1/5	12,480	[6, 32, 65]	3
1/5	13,440	[7, 16, 120]	3
1/5	13,950	[6, 31, 75]	3
1/5	14,280	[6, 28, 85]	3
1/5	14,280	[6, 35, 68]	3
1/5	14,280	[7, 17, 120]	3
1/5	18,270	[6, 29, 105]	3
1/5	18,600	[6, 31, 100]	3
1/5	20,160	[7, 16, 180]	3
1/5	21,780	[6, 22, 165]	3
1/5	23,250	[6, 31, 125]	3
1/5	24,360	[6, 29, 140]	3
1/5	25,200	[7, 16, 225]	3
1/5	26,400	[6, 22, 200]	3
1/5	30,450	[6, 29, 175]	3
1/5	34,980	[6, 22, 265]	3
1/5	53,760	[12, 14, 16, 20]	4
1/5	57,600	[8, 12, 20, 30]	4
1/5	57,600	[10, 15, 16, 24]	4
1/5	57,600	[12, 15, 16, 20]	4
1/5	61,560	[12, 15, 18, 19]	4
1/5	64,800	[10, 15, 18, 24]	4
1/5	65,280	[12, 16, 17, 20]	4
1/5	68,040	[9, 12, 21, 30]	4
1/5	68,040	[9, 15, 21, 24]	4
1/5	69,120	[10, 16, 18, 24]	4
1/5	72,000	[12, 15, 16, 25]	4
1/5	72,960	[8, 12, 20, 38]	4
1/5	73,500	[10, 14, 15, 35]	4
1/5	73,500	[10, 14, 21, 25]	4
1/5	75,600	[10, 15, 21, 24]	4
1/5	75,600	[12, 14, 18, 25]	4
1/5	75,600	[14, 15, 18, 20]	4
1/5	79,200	[10, 15, 22, 24]	4
1/5	79,200	[12, 15, 20, 22]	4
1/5	81,600	[15, 16, 17, 20]	4
1/5	82,500	[11, 15, 20, 25]	4
1/5	84,000	[12, 14, 20, 25]	4
1/5	84,240	[13, 15, 18, 24]	4
1/5	86,400	[8, 12, 20, 45]	4
1/5	86,400	[8, 18, 20, 30]	4
1/5	86,400	[10, 15, 16, 36]	4
1/5	86,400	[10, 15, 18, 32]	4
1/5	88,200	[12, 14, 15, 35]	4
1/5	88,200	[12, 14, 21, 25]	4
1/5	90,720	[10, 18, 21, 24]	4
1/5	91,350	[10, 15, 21, 29]	4
1/5	92,340	[12, 15, 19, 27]	4
1/5	92,610	[9, 14, 21, 35]	4
1/5	93,600	[12, 13, 20, 30]	4
1/5	93,600	[13, 15, 20, 24]	4
1/5	94,080	[8, 12, 20, 49]	4
1/5	94,080	[8, 12, 28, 35]	4
1/5	94,080	[8, 20, 21, 28]	4
1/5	94,500	[10, 18, 21, 25]	4
1/5	97,200	[10, 12, 18, 45]	4
1/5	97,440	[12, 14, 20, 29]	4
1/5	98,280	[12, 13, 21, 30]	4
1/5	98,280	[13, 15, 21, 24]	4
1/5	99,225	[9, 15, 21, 35]	4
1/5	99,840	[12, 13, 16, 40]	4
1/5	99,840	[12, 13, 20, 32]	4
1/5	99,900	[10, 15, 18, 37]	4
1/5	100,800	[10, 15, 16, 42]	4
1/5	100,800	[14, 16, 18, 25]	4
1/5	102,000	[15, 16, 17, 25]	4
1/5	102,600	[10, 15, 19, 36]	4
1/5	102,900	[10, 14, 15, 49]	4
1/5	105,600	[11, 16, 24, 25]	4
1/5	105,840	[10, 14, 21, 36]	4
1/5	105,840	[10, 18, 21, 28]	4
1/5	107,520	[10, 12, 28, 32]	4
1/5	107,520	[10, 14, 24, 32]	4
1/5	109,440	[8, 12, 30, 38]	4
1/5	109,620	[14, 15, 18, 29]	4
1/5	110,160	[9, 12, 30, 34]	4
1/5	112,320	[13, 16, 20, 27]	4
1/5	113,400	[9, 12, 30, 35]	4
1/5	113,400	[9, 21, 24, 25]	4
1/5	114,240	[12, 16, 17, 35]	4
1/5	114,240	[14, 16, 17, 30]	4
1/5	114,240	[15, 16, 17, 28]	4
1/5	114,660	[13, 14, 18, 35]	4
1/5	117,000	[12, 13, 25, 30]	4
1/5	117,600	[10, 12, 28, 35]	4
1/5	117,600	[10, 14, 24, 35]	4
1/5	117,600	[10, 15, 16, 49]	4
1/5	117,600	[10, 16, 21, 35]	4
1/5	118,800	[11, 18, 24, 25]	4
1/5	119,880	[9, 12, 30, 37]	4
1/5	119,880	[9, 15, 24, 37]	4
1/5	120,960	[8, 18, 20, 42]	4
1/5	120,960	[8, 20, 21, 36]	4
1/5	120,960	[9, 20, 24, 28]	4
1/5	120,960	[10, 16, 18, 42]	4
1/5	121,905	[9, 15, 21, 43]	4
1/5	122,400	[10, 15, 17, 48]	4
1/5	122,400	[12, 15, 17, 40]	4
1/5	123,120	[9, 19, 24, 30]	4
1/5	123,120	[10, 12, 18, 57]	4
1/5	123,480	[12, 14, 15, 49]	4
1/5	124,800	[13, 15, 16, 40]	4
1/5	126,420	[10, 14, 21, 43]	4
1/5	126,500	[11, 20, 23, 25]	4
1/5	129,600	[8, 18, 20, 45]	4
1/5	129,600	[9, 15, 20, 48]	4
1/5	129,600	[10, 16, 18, 45]	4
1/5	129,920	[10, 16, 28, 29]	4
1/5	130,560	[10, 17, 24, 32]	4
1/5	131,040	[13, 14, 20, 36]	4
1/5	132,300	[9, 15, 28, 35]	4
1/5	132,300	[9, 20, 21, 35]	4
1/5	132,300	[9, 21, 25, 28]	4
1/5	133,380	[13, 15, 18, 38]	4
1/5	133,380	[13, 19, 20, 27]	4
1/5	134,750	[11, 14, 25, 35]	4
1/5	136,000	[8, 20, 25, 34]	4
1/5	138,240	[9, 12, 32, 40]	4
1/5	138,600	[11, 21, 24, 25]	4
1/5	140,250	[11, 15, 25, 34]	4
1/5	140,400	[12, 13, 20, 45]	4
1/5	140,400	[13, 16, 25, 27]	4
1/5	141,120	[8, 12, 30, 49]	4
1/5	141,120	[8, 12, 35, 42]	4
1/5	141,120	[8, 21, 28, 30]	4
1/5	142,100	[10, 14, 29, 35]	4
1/5	143,520	[12, 13, 20, 46]	4
1/5	145,530	[9, 21, 22, 35]	4
1/5	145,800	[10, 12, 27, 45]	4
1/5	145,920	[10, 12, 32, 38]	4
1/5	146,160	[10, 21, 24, 29]	4
1/5	146,880	[9, 20, 24, 34]	4
1/5	147,420	[12, 13, 21, 45]	4
1/5	151,200	[9, 15, 28, 40]	4
1/5	151,200	[9, 24, 25, 28]	4
1/5	151,200	[10, 14, 15, 72]	4
1/5	151,200	[10, 16, 21, 45]	4
1/5	151,800	[11, 23, 24, 25]	4
1/5	152,320	[10, 17, 28, 32]	4
1/5	153,000	[10, 12, 25, 51]	4
1/5	153,900	[10, 18, 19, 45]	4
1/5	155,250	[9, 15, 25, 46]	4
1/5	156,000	[12, 13, 25, 40]	4
1/5	157,680	[10, 12, 18, 73]	4
1/5	158,400	[11, 16, 25, 36]	4
1/5	158,400	[11, 18, 25, 32]	4
1/5	158,760	[9, 12, 21, 70]	4
1/5	158,760	[9, 14, 21, 60]	4
1/5	159,840	[9, 20, 24, 37]	4
1/5	161,280	[9, 16, 28, 40]	4
1/5	161,280	[9, 20, 28, 32]	4
1/5	161,920	[10, 16, 23, 44]	4
1/5	162,240	[8, 12, 26, 65]	4
1/5	162,400	[8, 20, 29, 35]	4
1/5	162,540	[10, 18, 21, 43]	4
1/5	163,350	[9, 15, 22, 55]	4
1/5	163,800	[12, 14, 15, 65]	4
1/5	164,000	[8, 20, 25, 41]	4
1/5	164,160	[8, 18, 30, 38]	4
1/5	164,160	[9, 19, 24, 40]	4
1/5	164,160	[10, 18, 19, 48]	4
1/5	164,430	[10, 21, 27, 29]	4
1/5	164,640	[10, 12, 28, 49]	4
1/5	165,360	[12, 13, 20, 53]	4
1/5	166,320	[10, 14, 33, 36]	4
1/5	167,400	[9, 24, 25, 31]	4
1/5	168,000	[8, 20, 21, 50]	4
1/5	172,800	[9, 15, 20, 64]	4
1/5	174,240	[8, 12, 33, 55]	4
1/5	174,240	[10, 12, 33, 44]	4
1/5	174,720	[13, 15, 16, 56]	4
1/5	175,500	[12, 13, 25, 45]	4
1/5	176,400	[9, 20, 28, 35]	4
1/5	178,200	[11, 12, 18, 75]	4
1/5	179,550	[9, 19, 30, 35]	4
1/5	180,600	[10, 12, 35, 43]	4
1/5	183,000	[10, 12, 25, 61]	4
1/5	183,600	[9, 17, 30, 40]	4
1/5	184,800	[11, 16, 25, 42]	4
1/5	185,640	[12, 13, 34, 35]	4
1/5	187,200	[8, 18, 20, 65]	4
1/5	187,200	[8, 25, 26, 36]	4
1/5	188,160	[10, 12, 32, 49]	4
1/5	189,750	[11, 15, 23, 50]	4
1/5	189,810	[9, 15, 37, 38]	4
1/5	190,080	[8, 12, 18, 110]	4
1/5	191,100	[10, 13, 35, 42]	4
1/5	192,780	[9, 12, 21, 85]	4
1/5	192,780	[9, 12, 35, 51]	4
1/5	194,400	[8, 25, 27, 36]	4
1/5	194,880	[10, 14, 29, 48]	4
1/5	195,840	[9, 16, 34, 40]	4
1/5	195,840	[9, 20, 32, 34]	4
1/5	196,800	[8, 12, 41, 50]	4
1/5	197,100	[9, 15, 20, 73]	4
1/5	198,000	[9, 20, 22, 50]	4
1/5	199,680	[10, 12, 26, 64]	4
1/5	199,680	[10, 13, 32, 48]	4
1/5	199,800	[10, 12, 37, 45]	4
1/5	201,600	[9, 16, 35, 40]	4
1/5	201,600	[9, 25, 28, 32]	4
1/5	202,400	[8, 20, 23, 55]	4
1/5	202,400	[11, 16, 23, 50]	4
1/5	202,800	[8, 25, 26, 39]	4
1/5	202,800	[10, 12, 26, 65]	4
1/5	204,000	[8, 25, 30, 34]	4
1/5	204,120	[10, 12, 27, 63]	4
1/5	204,930	[9, 15, 23, 66]	4
1/5	205,200	[9, 19, 24, 50]	4
1/5	210,240	[8, 18, 20, 73]	4
1/5	210,240	[10, 16, 18, 73]	4
1/5	210,600	[10, 12, 27, 65]	4
1/5	210,600	[10, 13, 36, 45]	4
1/5	211,200	[8, 12, 22, 100]	4
1/5	211,200	[11, 12, 32, 50]	4
1/5	211,680	[8, 12, 35, 63]	4
1/5	211,680	[8, 12, 45, 49]	4
1/5	211,680	[8, 18, 30, 49]	4
1/5	211,680	[8, 18, 35, 42]	4
1/5	211,680	[9, 12, 35, 56]	4
1/5	211,680	[9, 12, 40, 49]	4
1/5	211,680	[9, 14, 21, 80]	4
1/5	213,120	[9, 16, 37, 40]	4
1/5	213,120	[9, 20, 32, 37]	4
1/5	213,840	[8, 18, 27, 55]	4
1/5	214,500	[11, 13, 30, 50]	4
1/5	214,500	[12, 13, 25, 55]	4
1/5	215,460	[10, 19, 21, 54]	4
1/5	216,720	[9, 20, 28, 43]	4
1/5	217,800	[9, 20, 22, 55]	4
1/5	218,400	[13, 15, 16, 70]	4
1/5	218,880	[9, 19, 32, 40]	4
1/5	218,880	[10, 16, 19, 72]	4
1/5	218,880	[10, 18, 19, 64]	4
1/5	223,200	[8, 25, 31, 36]	4
1/5	223,200	[9, 25, 31, 32]	4
1/5	223,300	[11, 14, 29, 50]	4
1/5	224,640	[9, 12, 32, 65]	4
1/5	224,640	[10, 13, 36, 48]	4
1/5	224,910	[9, 14, 21, 85]	4
1/5	225,420	[10, 13, 34, 51]	4
1/5	226,800	[8, 18, 35, 45]	4
1/5	228,480	[8, 17, 28, 60]	4
1/5	228,480	[12, 14, 17, 80]	4
1/5	231,000	[11, 14, 25, 60]	4
1/5	234,000	[8, 25, 30, 39]	4
1/5	235,200	[8, 14, 35, 60]	4
1/5	235,950	[10, 13, 33, 55]	4
1/5	235,980	[10, 18, 19, 69]	4
1/5	238,680	[9, 17, 39, 40]	4
1/5	239,400	[9, 19, 35, 40]	4
1/5	239,540	[10, 14, 29, 59]	4
1/5	239,760	[8, 18, 37, 45]	4
1/5	241,920	[10, 14, 18, 96]	4
1/5	242,000	[8, 22, 25, 55]	4
1/5	243,360	[8, 18, 26, 65]	4
1/5	243,600	[8, 29, 30, 35]	4
1/5	246,000	[8, 25, 30, 41]	4
1/5	246,240	[8, 19, 36, 45]	4
1/5	246,960	[8, 21, 30, 49]	4
1/5	247,940	[10, 14, 23, 77]	4
1/5	248,040	[10, 12, 39, 53]	4
1/5	250,250	[11, 14, 25, 65]	4
1/5	250,560	[8, 12, 18, 145]	4
1/5	251,100	[9, 12, 31, 75]	4
1/5	256,500	[9, 19, 25, 60]	4
1/5	257,040	[9, 12, 28, 85]	4
1/5	257,040	[9, 12, 34, 70]	4
1/5	257,040	[9, 12, 35, 68]	4
1/5	257,040	[9, 17, 35, 48]	4
1/5	257,400	[11, 13, 36, 50]	4
1/5	261,360	[8, 18, 33, 55]	4
1/5	262,080	[10, 13, 42, 48]	4
1/5	262,080	[13, 14, 16, 90]	4
1/5	263,340	[10, 18, 19, 77]	4
1/5	264,600	[8, 21, 35, 45]	4
1/5	264,600	[10, 14, 18, 105]	4
1/5	265,320	[10, 12, 33, 67]	4
1/5	266,560	[8, 17, 28, 70]	4
1/5	266,760	[9, 19, 26, 60]	4
1/5	267,300	[11, 12, 27, 75]	4
1/5	273,600	[8, 19, 20, 90]	4
1/5	273,600	[9, 19, 32, 50]	4
1/5	274,560	[10, 13, 44, 48]	4
1/5	276,080	[8, 29, 34, 35]	4
1/5	277,200	[11, 14, 25, 72]	4
1/5	279,000	[10, 12, 31, 75]	4
1/5	279,510	[7, 22, 33, 55]	4
1/5	279,720	[9, 12, 37, 70]	4
1/5	279,720	[10, 12, 37, 63]	4
1/5	280,800	[8, 25, 26, 54]	4
1/5	280,800	[8, 25, 27, 52]	4
1/5	286,000	[8, 25, 26, 55]	4
1/5	287,000	[8, 25, 35, 41]	4
1/5	287,040	[10, 13, 46, 48]	4
1/5	288,750	[10, 11, 35, 75]	4
1/5	293,040	[8, 22, 37, 45]	4
1/5	293,760	[10, 17, 18, 96]	4
1/5	294,840	[10, 13, 36, 63]	4
1/5	295,200	[8, 18, 41, 50]	4
1/5	296,400	[8, 25, 38, 39]	4
1/5	297,000	[9, 15, 22, 100]	4
1/5	299,520	[10, 13, 32, 72]	4
1/5	299,520	[10, 13, 36, 64]	4
1/5	300,960	[8, 19, 44, 45]	4
1/5	303,600	[8, 23, 30, 55]	4
1/5	304,920	[8, 21, 33, 55]	4
1/5	305,760	[13, 15, 16, 98]	4
1/5	306,180	[7, 27, 36, 45]	4
1/5	308,880	[8, 26, 27, 55]	4
1/5	316,800	[8, 12, 22, 150]	4
1/5	318,240	[10, 13, 48, 51]	4
1/5	319,410	[9, 14, 39, 65]	4
1/5	321,750	[10, 13, 33, 75]	4
1/5	322,560	[10, 14, 18, 128]	4
1/5	328,320	[8, 15, 36, 76]	4
1/5	328,320	[10, 16, 19, 108]	4
1/5	328,860	[9, 12, 29, 105]	4
1/5	329,120	[8, 17, 44, 55]	4
1/5	330,720	[10, 13, 48, 53]	4
1/5	334,800	[8, 25, 31, 54]	4
1/5	334,800	[9, 12, 31, 100]	4
1/5	336,960	[9, 13, 48, 60]	4
1/5	340,200	[7, 30, 36, 45]	4
1/5	340,200	[8, 25, 27, 63]	4
1/5	342,000	[9, 19, 25, 80]	4
1/5	342,720	[8, 14, 36, 85]	4
1/5	342,720	[8, 17, 42, 60]	4
1/5	342,720	[9, 16, 28, 85]	4
1/5	342,720	[9, 16, 34, 70]	4
1/5	342,720	[9, 16, 35, 68]	4
1/5	342,720	[9, 17, 35, 64]	4
1/5	342,720	[10, 17, 21, 96]	4
1/5	348,480	[8, 12, 22, 165]	4
1/5	348,480	[8, 15, 44, 66]	4
1/5	349,440	[10, 13, 32, 84]	4
1/5	352,800	[8, 14, 35, 90]	4
1/5	353,160	[10, 12, 27, 109]	4
1/5	354,200	[8, 23, 35, 55]	4
1/5	354,200	[11, 14, 23, 100]	4
1/5	355,680	[9, 19, 26, 80]	4
1/5	361,200	[8, 21, 43, 50]	4
1/5	362,880	[7, 30, 36, 48]	4
1/5	364,320	[9, 20, 23, 88]	4
1/5	365,400	[10, 12, 29, 105]	4
1/5	367,200	[8, 17, 36, 75]	4
1/5	367,200	[8, 17, 45, 60]	4
1/5	368,550	[7, 30, 39, 45]	4
1/5	369,360	[8, 19, 45, 54]	4
1/5	369,600	[8, 14, 55, 60]	4
1/5	369,720	[10, 13, 36, 79]	4
1/5	372,000	[8, 12, 31, 125]	4
1/5	372,960	[9, 16, 37, 70]	4
1/5	375,840	[8, 12, 27, 145]	4
1/5	377,520	[10, 13, 33, 88]	4
1/5	382,200	[10, 13, 28, 105]	4
1/5	383,040	[8, 19, 20, 126]	4
1/5	383,040	[10, 16, 19, 126]	4
1/5	385,000	[11, 14, 20, 125]	4
1/5	386,100	[11, 13, 27, 100]	4
1/5	389,760	[10, 12, 29, 112]	4
1/5	390,600	[8, 25, 31, 63]	4
1/5	391,680	[10, 17, 18, 128]	4
1/5	395,010	[9, 15, 22, 133]	4
1/5	396,000	[11, 12, 20, 150]	4
1/5	399,840	[8, 17, 28, 105]	4
1/5	399,840	[8, 17, 42, 70]	4
1/5	400,140	[9, 13, 57, 60]	4
1/5	403,200	[7, 24, 40, 60]	4
1/5	403,200	[7, 30, 40, 48]	4
1/5	404,800	[8, 22, 23, 100]	4
1/5	405,600	[8, 15, 52, 65]	4
1/5	406,350	[7, 30, 43, 45]	4
1/5	408,000	[8, 15, 50, 68]	4
1/5	408,240	[7, 27, 36, 60]	4
1/5	410,400	[8, 19, 20, 135]	4
1/5	415,530	[6, 27, 45, 57]	4
1/5	415,800	[9, 14, 44, 75]	4
1/5	417,690	[9, 14, 39, 85]	4
1/5	418,500	[9, 12, 31, 125]	4
1/5	420,000	[7, 25, 40, 60]	4
1/5	421,200	[9, 13, 48, 75]	4
1/5	423,360	[9, 16, 21, 140]	4
1/5	425,880	[7, 26, 39, 60]	4
1/5	425,880	[10, 14, 18, 169]	4
1/5	429,000	[11, 13, 25, 120]	4
1/5	430,080	[7, 24, 32, 80]	4
1/5	430,080	[7, 24, 40, 64]	4
1/5	430,920	[8, 19, 45, 63]	4
1/5	434,700	[9, 14, 30, 115]	4
1/5	435,600	[10, 12, 22, 165]	4
1/5	436,800	[7, 30, 40, 52]	4
1/5	438,480	[9, 12, 29, 140]	4
1/5	438,750	[9, 13, 50, 75]	4
1/5	442,260	[7, 36, 39, 45]	4
1/5	442,960	[8, 14, 35, 113]	4
1/5	446,400	[9, 16, 31, 100]	4
1/5	449,280	[9, 13, 48, 80]	4
1/5	453,600	[7, 24, 36, 75]	4
1/5	453,600	[7, 24, 45, 60]	4
1/5	453,600	[7, 36, 40, 45]	4
1/5	454,860	[7, 30, 38, 57]	4
1/5	465,120	[8, 19, 20, 153]	4
1/5	465,120	[10, 16, 19, 153]	4
1/5	472,500	[7, 25, 45, 60]	4
1/5	475,200	[8, 18, 22, 150]	4
1/5	480,060	[9, 14, 30, 127]	4
1/5	483,840	[7, 32, 40, 54]	4
1/5	484,785	[7, 27, 45, 57]	4
1/5	487,200	[7, 29, 40, 60]	4
1/5	487,200	[8, 12, 29, 175]	4
1/5	487,200	[8, 21, 29, 100]	4
1/5	487,620	[7, 36, 43, 45]	4
1/5	488,400	[8, 22, 25, 111]	4
1/5	489,510	[9, 14, 37, 105]	4
1/5	490,960	[8, 17, 38, 95]	4
1/5	491,400	[8, 25, 27, 91]	4
1/5	491,400	[9, 13, 60, 70]	4
1/5	493,680	[8, 17, 55, 66]	4
1/5	501,600	[8, 15, 44, 95]	4
1/5	501,600	[8, 15, 55, 76]	4
1/5	504,000	[7, 24, 50, 60]	4
1/5	508,200	[7, 30, 44, 55]	4
1/5	510,300	[7, 27, 36, 75]	4
1/5	510,720	[7, 32, 40, 57]	4
1/5	511,500	[11, 12, 31, 125]	4
1/5	511,560	[10, 12, 29, 147]	4
1/5	514,080	[7, 24, 36, 85]	4
1/5	514,080	[7, 24, 51, 60]	4
1/5	514,080	[7, 30, 48, 51]	4
1/5	514,080	[8, 14, 54, 85]	4
1/5	514,080	[8, 17, 42, 90]	4
1/5	514,080	[8, 17, 45, 84]	4
1/5	514,800	[11, 13, 24, 150]	4
1/5	514,800	[11, 13, 25, 144]	4
1/5	519,750	[7, 30, 33, 75]	4
1/5	519,840	[8, 15, 57, 76]	4
1/5	522,720	[8, 15, 44, 99]	4
1/5	522,720	[8, 18, 22, 165]	4
1/5	524,160	[7, 30, 48, 52]	4
1/5	524,160	[10, 13, 28, 144]	4
1/5	525,000	[7, 20, 50, 75]	4
1/5	526,680	[8, 19, 45, 77]	4
1/5	527,040	[8, 15, 36, 122]	4
1/5	529,200	[8, 14, 45, 105]	4
1/5	529,200	[9, 16, 21, 175]	4
1/5	532,350	[7, 26, 45, 65]	4
1/5	532,350	[7, 30, 39, 65]	4
1/5	533,520	[9, 13, 60, 76]	4
1/5	535,080	[10, 13, 28, 147]	4
1/5	537,600	[7, 30, 32, 80]	4
1/5	541,800	[7, 40, 43, 45]	4
1/5	544,320	[7, 27, 36, 80]	4
1/5	544,320	[7, 27, 45, 64]	4
1/5	544,320	[7, 27, 48, 60]	4
1/5	544,320	[7, 32, 45, 54]	4
1/5	544,320	[8, 14, 45, 108]	4
1/5	548,100	[7, 29, 45, 60]	4
1/5	548,100	[9, 12, 29, 175]	4
1/5	549,120	[10, 13, 33, 128]	4
1/5	550,800	[8, 17, 54, 75]	4
1/5	552,750	[10, 11, 67, 75]	4
1/5	554,400	[7, 24, 55, 60]	4
1/5	554,400	[8, 14, 55, 90]	4
1/5	554,580	[9, 13, 60, 79]	4
1/5	558,000	[8, 18, 31, 125]	4
1/5	558,000	[9, 16, 31, 125]	4
1/5	559,680	[8, 12, 22, 265]	4
1/5	561,600	[9, 13, 48, 100]	4
1/5	564,300	[9, 19, 22, 150]	4
1/5	565,110	[9, 13, 69, 70]	4
1/5	567,840	[8, 15, 52, 91]	4
1/5	574,560	[7, 30, 36, 76]	4
1/5	574,560	[7, 38, 40, 54]	4
1/5	575,960	[8, 17, 55, 77]	4
1/5	577,500	[7, 25, 55, 60]	4
1/5	578,340	[7, 27, 36, 85]	4
1/5	579,600	[9, 14, 40, 115]	4
1/5	584,640	[7, 29, 48, 60]	4
1/5	584,640	[8, 15, 58, 84]	4
1/5	584,640	[9, 16, 29, 140]	4
1/5	589,050	[7, 34, 45, 55]	4
1/5	589,680	[7, 30, 39, 72]	4
1/5	591,360	[7, 32, 33, 80]	4
1/5	591,360	[7, 33, 40, 64]	4
1/5	594,000	[11, 12, 20, 225]	4
1/5	595,980	[7, 43, 44, 45]	4
1/5	598,400	[11, 16, 17, 200]	4
1/5	599,040	[9, 13, 64, 80]	4
1/5	604,800	[7, 24, 40, 90]	4
1/5	604,800	[7, 25, 48, 72]	4
1/5	604,800	[7, 32, 50, 54]	4
1/5	605,520	[8, 15, 58, 87]	4
1/5	606,900	[7, 30, 34, 85]	4
1/5	607,200	[8, 22, 23, 150]	4
1/5	607,200	[8, 23, 25, 132]	4
1/5	608,400	[8, 15, 65, 78]	4
1/5	609,000	[7, 29, 50, 60]	4
1/5	618,240	[7, 24, 40, 92]	4
1/5	623,700	[7, 33, 36, 75]	4
1/5	630,000	[7, 24, 50, 75]	4
1/5	630,000	[7, 25, 40, 90]	4
1/5	630,000	[7, 25, 45, 80]	4
1/5	635,250	[7, 22, 55, 75]	4
1/5	635,250	[7, 25, 55, 66]	4
1/5	638,400	[7, 32, 50, 57]	4
1/5	638,820	[7, 27, 52, 65]	4
1/5	640,080	[9, 14, 40, 127]	4
1/5	642,600	[8, 17, 45, 105]	4
1/5	642,600	[8, 17, 63, 75]	4
1/5	646,380	[7, 27, 57, 60]	4
1/5	650,160	[7, 30, 43, 72]	4
1/5	651,000	[8, 21, 31, 125]	4
1/5	655,200	[9, 13, 70, 80]	4
1/5	656,880	[7, 34, 40, 69]	4
1/5	656,880	[8, 14, 69, 85]	4
1/5	657,720	[7, 29, 36, 90]	4
1/5	657,720	[7, 29, 45, 72]	4
1/5	657,720	[7, 29, 54, 60]	4
1/5	657,720	[8, 21, 27, 145]	4
1/5	659,880	[9, 12, 26, 235]	4
1/5	663,390	[7, 27, 39, 90]	4
1/5	663,390	[7, 30, 39, 81]	4
1/5	666,120	[10, 13, 28, 183]	4
1/5	669,900	[7, 29, 55, 60]	4
1/5	669,900	[11, 12, 29, 175]	4
1/5	672,000	[7, 24, 50, 80]	4
1/5	672,000	[7, 25, 48, 80]	4
1/5	680,400	[7, 24, 54, 75]	4
1/5	680,400	[7, 25, 54, 72]	4
