1/2     2       [2]     1
1/2     12      [3, 4]  2
1/2     168     [3, 7, 8]       3
1/2     240     [3, 5, 16]      3
1/2     6,720   [3, 7, 10, 32]  4
1/2    13,440    [3, 5, 28, 32]    4
1/2    14,880    [3, 5, 31, 32]    4
1/2    65,280    [3, 5, 17, 256]    4
1/2    549,120    [3, 10, 11, 13, 128]    5
1/2    591,360    [3, 7, 11, 32, 80]    5
1/2    591,360    [3, 7, 11, 40, 64]    5
1/2    833,280    [3, 7, 10, 62, 64]    5
1/2    954,240    [3, 7, 10, 64, 71]    5
1/2    1,145,760    [3, 7, 11, 32, 155]    5
1/2    1,317,120    [3, 5, 32, 49, 56]    5
1/2    1,666,560    [3, 5, 31, 56, 64]    5
1/2    1,908,480    [3, 5, 28, 64, 71]    5
1/2    2,143,680    [3, 7, 11, 29, 320]    5
1/2    2,204,160    [3, 7, 10, 41, 256]    5
1/2    3,655,680    [3, 7, 10, 34, 512]    5
1/2    3,886,080    [3, 5, 23, 64, 176]    5

thread #1, (1,000,000) 1.55 mins ~ 645,161 per min
thread #1, (2,000,000) 4.50 mins ~ 444,444 per min
thread #1, (3,000,000) 8.60 mins ~ 348,837 per min

thread #1, (1,000,000) 1.45 mins ~ 689,655 per min
thread #1, (2,000,000) 4.37 mins ~ 458,015 per min
thread #1, (3,000,000) 8.30 mins ~ 361,446 per min
thread #1, (4,000,000) 15.10 mins ~ 264,901 per min

from 2 to 4194304 with 1 threads in 1002.84 seconds (16.71 minutes) arrayvec
from 2 to 4194304 with 1 threads in 1106.55 seconds (18.44 minutes) tinyvec

