1/2    2    [2]
1/2    12    [3, 4]
1/2    168    [3, 7, 8]
1/2    240    [3, 5, 16]
1/2    6,720    [3, 7, 10, 32]
1/3    3    [3]
1/3    24    [4, 6]
1/3    30    [5, 6]
1/3    36    [4, 9]
1/3    378    [6, 7, 9]
1/3    480    [5, 8, 12]
1/3    504    [7, 8, 9]
1/3    540    [5, 9, 12]
1/3    600    [4, 10, 15]
1/3    660    [5, 11, 12]
1/3    720    [5, 8, 18]
1/3    720    [5, 9, 16]
1/3    840    [4, 10, 21]
1/3    840    [4, 14, 15]
1/3    840    [5, 8, 21]
1/3    936    [4, 13, 18]
1/3    1,260    [5, 7, 36]
1/3    1,320    [4, 11, 30]
1/3    1,404    [4, 13, 27]
1/3    1,980    [4, 11, 45]
1/4    4    [4]
1/4    48    [6, 8]
1/4    56    [7, 8]
1/4    80    [5, 16]
1/4    864    [8, 9, 12]
1/4    1,344    [6, 14, 16]
1/4    1,344    [7, 12, 16]
1/4    1,512    [8, 9, 21]
1/4    1,680    [7, 15, 16]
1/4    1,824    [6, 16, 19]
1/4    1,920    [6, 10, 32]
1/4    2,240    [7, 10, 32]
1/4    2,496    [6, 13, 32]
1/4    3,024    [7, 9, 48]
1/4    3,840    [5, 24, 32]
1/4    4,032    [7, 9, 64]
1/4    4,480    [5, 28, 32]
1/4    4,960    [5, 31, 32]
1/4    5,280    [6, 11, 80]
1/4    6,720    [5, 21, 64]
1/4    8,640    [5, 18, 96]
1/4    9,120    [5, 19, 96]
1/4    11,520    [5, 18, 128]
1/4    21,760    [5, 17, 256]
9/680    21,760    [136, 160]
37/2720    21,760    [128, 170]
21/1360    21,760    [80, 272]
1/64    21,760    [85, 256]
1/60    11,520    [96, 120]
3/170    21,760    [68, 320]
13/720    11,520    [80, 144]
5/272    21,760    [64, 340]
3/160    11,520    [90, 128]
7/360    8,640    [72, 120]
7/360    11,520    [72, 160]
1/48    8,640    [90, 96]
1/48    9,120    [95, 96]
1/48    11,520    [60, 192]
1/48    11,520    [64, 180]
2/95    9,120    [76, 120]
2/95    9,120    [80, 114]
23/1080    8,640    [80, 108]
1/45    8,640    [60, 144]
13/570    9,120    [60, 152]
11/480    8,640    [64, 135]
9/380    9,120    [57, 160]
1/42    6,720    [80, 84]
41/1680    6,720    [70, 96]
53/2160    8,640    [54, 160]
1/40    6,720    [56, 120]
1/40    6,720    [60, 112]
1/40    6,720    [64, 105]
1/40    8,640    [48, 180]
59/2280    9,120    [48, 190]
5/192    11,520    [45, 256]
9/340    21,760    [40, 544]
13/480    8,640    [45, 192]
3/110    5,280    [60, 88]
3/110    5,280    [66, 80]
23/840    6,720    [48, 140]
1/36    11,520    [40, 288]
7/248    4,960    [62, 80]
5/176    5,280    [55, 96]
1/35    4,480    [56, 80]
31/1080    8,640    [40, 216]
11/380    9,120    [40, 228]
7/240    3,840    [48, 80]
33/1120    4,480    [64, 70]
13/440    5,280    [48, 110]
5/168    6,720    [40, 168]
5/168    6,720    [42, 160]
5/168    4,032    [48, 84]
5/168    4,032    [56, 72]
23/760    9,120    [38, 240]
1/33    5,280    [44, 120]
11/360    8,640    [36, 240]
11/360    11,520    [36, 320]
21/680    21,760    [34, 640]
1/32    3,840    [60, 64]
1/32    4,032    [63, 64]
7/220    5,280    [40, 132]
9/280    4,480    [40, 112]
1/31    4,960    [40, 124]
11/340    21,760    [32, 680]
11/336    4,032    [42, 96]
1/30    3,840    [40, 96]
1/30    11,520    [32, 360]
113/3360    6,720    [35, 192]
79/2280    9,120    [32, 285]
5/144    8,640    [32, 270]
17/480    11,520    [30, 384]
1/28    6,720    [32, 210]
1/28    3,024    [36, 84]
1/28    3,024    [42, 72]
1/28    3,024    [48, 63]
1/28    3,024    [54, 56]
1/28    4,032    [36, 112]
13/360    8,640    [30, 288]
81/2240    4,480    [35, 128]
2/55    5,280    [33, 160]
83/2280    9,120    [30, 304]
49/1320    5,280    [32, 165]
3/80    6,720    [30, 224]
3/80    3,840    [32, 120]
3/80    4,480    [32, 140]
3/80    4,960    [32, 155]
19/496    4,960    [31, 160]
1/26    2,496    [48, 52]
17/440    5,280    [30, 176]
13/336    4,032    [32, 126]
11/280    6,720    [28, 240]
11/280    2,240    [40, 56]
173/4320    8,640    [27, 320]
13/320    3,840    [30, 128]
17/416    2,496    [39, 64]
23/560    4,480    [28, 160]
1/24    1,920    [40, 48]
1/24    4,032    [28, 144]
9/208    2,496    [32, 78]
11/252    3,024    [28, 108]
7/160    2,240    [35, 64]
5/114    9,120    [24, 380]
37/840    6,720    [24, 280]
2/45    1,980    [44, 45]
5/112    2,240    [32, 70]
1/22    1,980    [30, 66]
1/22    1,980    [33, 60]
1/22    1,980    [36, 55]
1/22    5,280    [24, 220]
23/504    3,024    [27, 112]
11/240    1,920    [32, 60]
11/240    3,840    [24, 160]
7/152    1,824    [38, 48]
13/280    2,240    [28, 80]
1/21    1,512    [36, 42]
1/21    1,680    [40, 42]
1/21    3,024    [24, 126]
23/480    1,920    [30, 64]
5/104    2,496    [24, 104]
5/104    2,496    [26, 96]
11/228    1,824    [32, 57]
41/840    1,680    [35, 48]
13/264    5,280    [22, 240]
1/20    1,680    [28, 60]
1/20    1,680    [30, 56]
1/20    1,920    [24, 80]
17/336    6,720    [21, 320]
69/1360    21,760    [20, 1088]
2/39    1,404    [36, 39]
37/720    11,520    [20, 576]
59/1140    9,120    [20, 456]
7/135    8,640    [20, 432]
5/96    4,032    [21, 192]
11/210    6,720    [20, 336]
11/210    1,260    [30, 42]
1/19    1,824    [24, 76]
10/189    1,512    [28, 54]
7/132    5,280    [20, 264]
33/620    4,960    [20, 248]
3/56    1,344    [24, 56]
3/56    1,344    [28, 48]
3/56    1,344    [32, 42]
3/56    3,024    [21, 144]
3/56    4,480    [20, 224]
13/240    3,840    [20, 192]
41/756    1,512    [27, 56]
3/55    1,320    [30, 44]
3/55    1,320    [33, 40]
83/1520    9,120    [19, 480]
23/420    1,680    [24, 70]
1/18    1,260    [35, 36]
1/18    1,404    [26, 54]
1/18    1,404    [27, 52]
1/18    1,980    [22, 90]
1/18    864    [24, 36]
1/18    1,512    [24, 63]
41/720    8,640    [18, 480]
41/720    11,520    [18, 640]
2/35    1,260    [28, 45]
2/35    2,240    [20, 112]
7/120    1,920    [20, 96]
13/220    1,320    [24, 55]
5/84    1,512    [21, 72]
5/84    1,680    [20, 84]
5/84    1,680    [21, 80]
5/84    3,024    [18, 168]
5/84    4,032    [18, 224]
81/1360    21,760    [17, 1280]
59/990    1,980    [20, 99]
2/33    1,320    [22, 60]
13/210    1,260    [21, 60]
1/16    1,344    [21, 64]
1/16    1,824    [19, 96]
4/63    1,512    [18, 84]
7/110    1,320    [20, 66]
7/110    1,980    [18, 110]
23/360    8,640    [16, 540]
73/1140    9,120    [16, 570]
5/78    936    [24, 39]
5/78    936    [26, 36]
5/78    1,404    [18, 78]
9/140    6,720    [16, 420]
9/140    4,480    [16, 280]
41/630    1,260    [20, 63]
43/660    5,280    [16, 330]
81/1240    4,960    [16, 310]
11/168    4,032    [16, 252]
1/15    600    [20, 30]
1/15    720    [24, 30]
1/15    840    [28, 30]
1/15    1,920    [16, 120]
29/432    864    [27, 32]
7/104    2,496    [16, 156]
17/252    3,024    [16, 189]
13/192    11,520    [15, 768]
19/280    2,240    [16, 140]
49/720    8,640    [15, 576]
311/4560    9,120    [15, 608]
43/630    1,260    [18, 70]
11/160    6,720    [15, 448]
29/420    840    [24, 35]
61/880    5,280    [15, 352]
5/72    864    [18, 48]
4/57    1,824    [16, 114]
9/128    3,840    [15, 256]
1/14    840    [20, 42]
1/14    840    [21, 40]
1/14    1,344    [16, 84]
1/14    1,680    [16, 105]
13/180    720    [20, 36]
17/234    936    [18, 52]
4/55    1,980    [15, 132]
41/560    6,720    [14, 480]
71/960    1,920    [15, 128]
83/1120    4,480    [14, 320]
25/336    4,032    [14, 288]
3/40    1,680    [15, 112]
19/252    3,024    [14, 216]
5/66    660    [22, 30]
8/105    1,260    [15, 84]
43/560    2,240    [14, 160]
17/220    1,320    [15, 88]
7/90    540    [18, 30]
7/90    720    [18, 40]
11/140    1,680    [14, 120]
17/216    864    [16, 54]
13/165    660    [20, 33]
5/63    1,512    [14, 108]
2/25    600    [24, 25]
9/112    1,344    [14, 96]
17/210    1,260    [14, 90]
17/208    2,496    [13, 192]
1/12    480    [20, 24]
1/12    504    [21, 24]
1/12    600    [15, 40]
1/12    720    [15, 48]
1/12    720    [16, 45]
1/12    840    [15, 56]
8/95    9,120    [12, 760]
71/840    6,720    [12, 560]
14/165    5,280    [12, 440]
23/270    540    [20, 27]
41/480    3,840    [12, 320]
10/117    1,404    [13, 108]
3/35    840    [14, 60]
9/104    2,496    [12, 208]
11/126    504    [18, 28]
11/126    1,512    [12, 126]
7/80    1,920    [12, 160]
5/57    1,824    [12, 152]
29/330    660    [15, 44]
29/330    1,980    [12, 165]
37/420    1,680    [12, 140]
4/45    540    [15, 36]
5/56    1,344    [12, 112]
7/78    936    [12, 78]
7/78    936    [13, 72]
7/78    1,404    [12, 117]
19/210    1,260    [12, 105]
1/11    1,320    [12, 110]
11/120    480    [16, 30]
49/528    5,280    [11, 480]
2/21    378    [18, 21]
2/21    504    [12, 42]
2/21    504    [14, 36]
2/21    840    [12, 70]
23/240    480    [15, 32]
19/198    1,980    [11, 180]
13/132    1,320    [11, 120]
1/10    480    [12, 40]
1/10    540    [12, 45]
1/10    600    [12, 50]
1/10    660    [12, 55]
1/10    21,760    [16, 34, 40]
1/10    21,760    [20, 32, 34]
273/2720    21,760    [10, 2176]
29/288    11,520    [10, 1152]
23/228    9,120    [10, 912]
109/1080    8,640    [10, 864]
17/168    6,720    [10, 672]
67/660    5,280    [10, 528]
63/620    4,960    [10, 496]
57/560    4,480    [10, 448]
49/480    3,840    [10, 384]
29/280    2,240    [10, 224]
103/990    1,980    [10, 198]
5/48    1,920    [10, 192]
11/105    1,680    [10, 168]
20/189    378    [14, 27]
9/85    21,760    [17, 32, 40]
7/66    660    [11, 60]
7/66    1,320    [10, 132]
67/630    1,260    [10, 126]
13/120    11,520    [16, 24, 30]
37/340    21,760    [16, 20, 68]
23/210    840    [10, 84]
1/9    720    [10, 72]
161/1440    8,640    [9, 960]
161/1440    11,520    [9, 1280]
37/330    660    [10, 66]
19/168    3,024    [9, 336]
19/168    4,032    [9, 448]
31/270    540    [10, 54]
29/252    1,512    [9, 168]
19/165    1,980    [9, 220]
3/26    1,404    [9, 156]
7/60    240    [12, 20]
7/60    480    [10, 48]
7/60    11,520    [16, 20, 36]
37/315    1,260    [9, 140]
2/17    21,760    [17, 20, 64]
17/144    864    [9, 96]
14/117    936    [9, 104]
29/240    11,520    [12, 30, 32]
29/240    11,520    [15, 24, 32]
11/90    540    [9, 60]
11/90    720    [9, 80]
11/90    8,640    [18, 20, 24]
11/90    11,520    [16, 18, 40]
11/90    11,520    [18, 20, 32]
1/8    240    [15, 16]
143/1140    9,120    [8, 1140]
83/660    5,280    [8, 660]
39/310    4,960    [8, 620]
8/63    378    [9, 42]
8/63    504    [9, 56]
8/63    3,024    [8, 378]
29/228    1,824    [8, 228]
23/180    8,640    [12, 18, 40]
9/70    1,680    [8, 210]
7/54    864    [8, 108]
7/54    1,512    [8, 189]
43/330    1,320    [8, 165]
47/360    8,640    [16, 18, 30]
5/38    9,120    [19, 20, 24]
31/234    936    [8, 117]
2/15    240    [10, 24]
2/15    480    [8, 60]
2/15    720    [8, 90]
2/15    840    [8, 105]
2/15    8,640    [16, 20, 27]
23/170    21,760    [10, 32, 68]
23/170    21,760    [10, 34, 64]
19/140    6,720    [12, 20, 28]
41/300    600    [8, 75]
13/95    9,120    [12, 20, 38]
11/80    8,640    [15, 18, 32]
5/36    504    [8, 63]
53/380    9,120    [16, 19, 30]
17/120    8,640    [12, 16, 45]
17/120    8,640    [15, 16, 36]
1/7    168    [12, 14]
1/7    6,720    [14, 20, 24]
1/7    6,720    [16, 20, 21]
109/760    9,120    [15, 19, 32]
23/160    6,720    [7, 960]
23/160    11,520    [12, 15, 64]
323/2240    4,480    [7, 640]
97/672    4,032    [7, 576]
13/90    8,640    [10, 24, 36]
13/90    11,520    [10, 32, 36]
73/504    3,024    [7, 432]
163/1120    2,240    [7, 320]
41/280    1,680    [7, 240]
167/1140    9,120    [15, 16, 38]
37/252    1,512    [7, 216]
33/224    1,344    [7, 192]
14/95    9,120    [12, 19, 40]
31/210    1,260    [7, 180]
3/20    240    [8, 30]
3/20    6,720    [12, 16, 35]
3/20    6,720    [14, 16, 30]
3/20    6,720    [15, 16, 28]
3/20    840    [7, 120]
3/20    3,840    [12, 16, 20]
5/33    5,280    [12, 20, 22]
29/190    9,120    [10, 24, 38]
13/85    21,760    [10, 16, 136]
13/84    504    [7, 72]
7/45    8,640    [9, 24, 40]
7/45    8,640    [10, 18, 48]
7/45    11,520    [9, 32, 40]
7/45    11,520    [10, 16, 72]
7/45    11,520    [10, 18, 64]
11/70    6,720    [10, 24, 28]
11/70    6,720    [12, 14, 40]
11/70    4,480    [14, 16, 20]
17/108    8,640    [10, 27, 32]
19/120    6,720    [14, 15, 32]
10/63    378    [7, 54]
27/170    21,760    [10, 17, 128]
23/144    8,640    [9, 30, 32]
9/56    4,032    [12, 16, 21]
29/180    8,640    [8, 30, 36]
107/660    5,280    [15, 16, 22]
22/135    8,640    [8, 20, 54]
22/135    8,640    [10, 16, 54]
31/190    9,120    [10, 19, 48]
23/140    4,480    [8, 20, 28]
47/285    9,120    [8, 20, 57]
47/285    9,120    [10, 16, 57]
1/6    168    [8, 21]
1/6    6,720    [8, 20, 42]
1/6    6,720    [8, 28, 30]
1/6    6,720    [10, 16, 42]
1/6    6,720    [10, 21, 32]
1/6    3,024    [12, 14, 18]
1/6    3,840    [10, 16, 24]
1/6    4,032    [14, 16, 18]
1/6    5,280    [10, 22, 24]
1/6    5,280    [11, 20, 24]
1/6    8,640    [9, 20, 48]
1/6    11,520    [9, 20, 64]
127/760    9,120    [6, 1520]
281/1680    6,720    [6, 1120]
221/1320    5,280    [6, 880]
161/960    3,840    [6, 640]
35/208    2,496    [6, 416]
16/95    9,120    [8, 30, 38]
27/160    1,920    [6, 320]
27/160    8,640    [9, 15, 64]
77/456    1,824    [6, 304]
71/420    1,680    [6, 280]
19/112    1,344    [6, 224]
28/165    1,320    [6, 220]
6/35    6,720    [10, 14, 48]
6/35    840    [6, 140]
6/35    4,480    [10, 16, 28]
31/180    8,640    [8, 12, 90]
31/180    8,640    [8, 18, 60]
19/110    660    [6, 110]
13/75    600    [6, 100]
33/190    9,120    [10, 12, 76]
23/132    5,280    [11, 16, 30]
11/63    378    [6, 63]
7/40    480    [6, 80]
7/40    8,640    [9, 12, 80]
7/40    8,640    [9, 16, 60]
10/57    9,120    [8, 12, 95]
29/165    5,280    [8, 20, 33]
29/165    5,280    [10, 16, 33]
37/210    6,720    [8, 12, 70]
37/210    6,720    [10, 12, 56]
11/62    4,960    [8, 20, 31]
11/62    4,960    [10, 16, 31]
47/264    5,280    [11, 15, 32]
5/28    168    [7, 24]
5/28    4,032    [8, 12, 42]
5/28    4,480    [10, 14, 32]
59/330    5,280    [10, 12, 44]
17/95    9,120    [8, 19, 60]
2/11    5,280    [8, 12, 55]
2/11    5,280    [8, 22, 30]
2/11    5,280    [11, 12, 40]
23/126    4,032    [8, 18, 28]
11/60    240    [6, 40]
11/60    1,920    [8, 12, 20]
11/60    3,840    [10, 12, 32]
13/70    6,720    [8, 14, 60]
18/95    9,120    [8, 15, 76]
4/21    168    [6, 28]
4/21    3,024    [9, 12, 28]
4/21    4,032    [8, 14, 36]
4/21    4,032    [9, 16, 28]
5/26    2,496    [8, 12, 26]
5/26    2,496    [12, 13, 16]
27/140    6,720    [7, 24, 40]
32/165    5,280    [8, 15, 44]
11/56    6,720    [7, 30, 32]
11/56    3,024    [9, 16, 21]
13/66    5,280    [10, 11, 48]
25/126    3,024    [9, 14, 24]
25/126    4,032    [9, 14, 32]
143/720    8,640    [6, 32, 45]
1/5    6,720    [7, 20, 48]
1/5    80    [8, 10]
1/5    1,920    [10, 12, 16]
1/5    2,240    [8, 14, 20]
1/5    2,240    [10, 14, 16]
1/5    9,120    [6, 38, 40]
1089/5440    21,760    [5, 4352]
577/2880    11,520    [5, 2304]
457/2280    9,120    [5, 1824]
433/2160    8,640    [5, 1728]
337/1680    6,720    [5, 1344]
53/264    5,280    [5, 1056]
249/1240    4,960    [5, 992]
45/224    4,480    [5, 896]
193/960    3,840    [5, 768]
113/560    2,240    [5, 448]
20/99    1,980    [5, 396]
97/480    1,920    [5, 384]
17/84    1,680    [5, 336]
17/84    3,024    [8, 18, 21]
67/330    1,320    [5, 264]
64/315    1,260    [5, 252]
11/54    8,640    [8, 10, 108]
43/210    6,720    [6, 28, 40]
43/210    6,720    [8, 10, 84]
43/210    840    [5, 168]
197/960    11,520    [6, 15, 128]
39/190    9,120    [8, 10, 114]
37/180    720    [5, 144]
37/180    8,640    [9, 10, 96]
37/180    11,520    [9, 10, 128]
34/165    660    [5, 132]
59/285    9,120    [6, 20, 76]
29/140    6,720    [7, 16, 60]
29/140    4,480    [7, 16, 40]
29/140    4,480    [7, 20, 32]
28/135    540    [5, 108]
5/24    480    [5, 96]
79/378    3,024    [8, 14, 27]
23/110    5,280    [8, 10, 66]
22/105    6,720    [6, 20, 56]
13/62    4,960    [8, 10, 62]
4/19    1,824    [8, 12, 19]
59/280    6,720    [6, 32, 35]
71/336    4,032    [6, 21, 32]
7/33    1,980    [11, 12, 15]
7/33    5,280    [6, 20, 44]
7/33    5,280    [6, 22, 40]
7/33    5,280    [8, 11, 60]
17/80    6,720    [7, 15, 64]
3/14    1,344    [8, 12, 14]
3/14    1,680    [10, 12, 14]
3/14    2,240    [8, 10, 28]
3/14    3,024    [7, 18, 24]
3/14    4,032    [7, 16, 36]
3/14    4,032    [7, 18, 32]
13/60    240    [5, 48]
13/60    6,720    [6, 16, 70]
13/60    3,840    [6, 16, 40]
13/60    3,840    [6, 20, 32]
13/60    9,120    [6, 16, 95]
83/380    9,120    [6, 19, 80]
31/140    6,720    [6, 14, 80]
31/140    6,720    [7, 12, 80]
2/9    1,980    [10, 11, 18]
2/9    1,512    [9, 12, 14]
49/220    5,280    [6, 16, 55]
19/85    21,760    [5, 64, 68]
19/84    3,024    [7, 16, 27]
163/720    8,640    [6, 9, 160]
8/35    2,240    [7, 16, 20]
39/170    21,760    [5, 32, 136]
39/170    21,760    [5, 34, 128]
38/165    1,980    [6, 15, 22]
3/13    1,404    [9, 12, 13]
3/13    2,496    [6, 16, 26]
23/99    1,980    [9, 10, 22]
23/99    1,980    [9, 11, 20]
7/30    1,680    [8, 14, 15]
7/30    1,920    [6, 16, 20]
7/30    8,640    [5, 36, 48]
7/30    11,520    [5, 32, 72]
7/30    11,520    [5, 36, 64]
59/252    3,024    [6, 9, 56]
59/252    3,024    [8, 9, 42]
33/140    6,720    [7, 10, 96]
9/38    9,120    [5, 38, 48]
9/38    9,120    [6, 10, 152]
5/21    6,720    [6, 10, 112]
5/21    1,512    [7, 12, 18]
5/21    1,680    [8, 10, 21]
68/285    9,120    [5, 32, 57]
43/180    8,640    [5, 32, 54]
67/280    4,480    [7, 10, 64]
79/330    5,280    [6, 10, 88]
29/120    3,840    [6, 10, 64]
29/120    8,640    [5, 27, 64]
23/95    9,120    [5, 24, 76]
8/33    1,320    [10, 11, 12]
17/70    6,720    [5, 24, 56]
17/70    6,720    [5, 28, 48]
17/70    6,720    [5, 32, 42]
17/70    1,680    [6, 14, 20]
17/70    1,680    [7, 12, 20]
31/126    1,512    [6, 9, 28]
26/105    1,260    [6, 14, 15]
29/117    1,404    [6, 9, 26]
41/165    1,980    [6, 10, 33]
41/165    5,280    [5, 24, 44]
41/165    5,280    [5, 32, 33]
79/315    1,260    [9, 10, 14]
95/378    1,512    [4, 378]
83/330    1,320    [4, 330]
83/330    1,980    [4, 495]
83/330    5,280    [5, 22, 48]
59/234    936    [4, 234]
59/234    1,404    [4, 351]
53/210    6,720    [6, 8, 140]
53/210    840    [4, 210]
53/210    1,260    [4, 315]
53/210    1,680    [6, 10, 28]
24/95    9,120    [6, 8, 190]
19/75    600    [4, 150]
16/63    504    [4, 126]
14/55    660    [4, 165]
14/55    5,280    [6, 8, 110]
23/90    540    [4, 135]
23/90    8,640    [5, 16, 108]
73/285    9,120    [5, 16, 114]
10/39    2,496    [6, 8, 52]
9/35    6,720    [5, 16, 84]
9/35    1,260    [6, 10, 21]
9/35    1,260    [7, 12, 15]
9/35    1,680    [7, 10, 24]
9/35    4,480    [5, 16, 56]
17/66    1,320    [6, 10, 22]
17/66    1,320    [8, 11, 15]
65/252    3,024    [6, 8, 63]
43/165    5,280    [5, 16, 66]
81/310    4,960    [5, 16, 62]
11/42    168    [4, 42]
11/42    1,344    [6, 8, 28]
11/42    1,512    [7, 9, 24]
11/42    3,024    [7, 8, 54]
5/19    1,824    [6, 8, 38]
19/72    864    [6, 9, 16]
37/140    6,720    [5, 14, 96]
4/15    1,260    [7, 10, 18]
4/15    1,920    [5, 16, 24]
15/56    4,480    [5, 14, 64]
77/285    9,120    [5, 12, 152]
19/70    6,720    [5, 12, 112]
19/70    840    [6, 10, 14]
19/70    1,680    [6, 8, 35]
19/70    1,680    [7, 8, 30]
19/70    2,240    [5, 16, 28]
3/11    1,320    [6, 11, 20]
3/11    5,280    [5, 12, 88]
11/40    3,840    [5, 12, 64]
29/105    1,260    [7, 9, 20]
137/495    1,980    [5, 18, 22]
5/18    1,512    [7, 8, 27]
39/140    2,240    [5, 14, 32]
37/132    5,280    [5, 11, 96]
11/39    936    [8, 9, 13]
17/60    720    [6, 8, 15]
17/60    1,920    [5, 12, 32]
47/165    1,980    [5, 12, 33]
2/7    840    [7, 10, 12]
2/7    56    [4, 14]
2/7    1,680    [5, 12, 28]
2/7    1,680    [5, 14, 24]
2/7    1,680    [5, 16, 21]
2/7    3,024    [4, 18, 42]
13/45    540    [6, 9, 10]
13/45    720    [8, 9, 10]
81/280    6,720    [6, 7, 160]
7/24    8,640    [5, 9, 192]
7/24    11,520    [5, 9, 256]
29/99    1,980    [5, 11, 36]
37/126    3,024    [4, 14, 54]
31/105    1,260    [5, 12, 21]
31/105    1,260    [5, 14, 18]
49/165    1,320    [5, 12, 22]
3/10    480    [6, 8, 10]
3/10    840    [7, 8, 15]
3/10    1,680    [4, 14, 30]
3/10    1,680    [6, 7, 40]
86/285    9,120    [5, 8, 228]
10/33    660    [6, 10, 11]
10/33    1,320    [5, 11, 24]
10/33    5,280    [5, 8, 132]
47/155    4,960    [5, 8, 124]
17/56    1,344    [6, 7, 32]
151/495    1,980    [5, 9, 44]
13/42    1,512    [4, 18, 21]
13/42    1,680    [4, 10, 42]
14/45    8,640    [8, 9, 10, 12]
59/189    1,512    [4, 14, 27]
11/35    840    [5, 12, 14]
11/35    840    [6, 7, 20]
11/35    1,260    [5, 9, 28]
11/35    1,680    [5, 8, 42]
89/280    6,720    [5, 7, 192]
7/22    1,980    [4, 15, 33]
179/560    4,480    [5, 7, 128]
53/165    1,320    [4, 10, 33]
53/165    1,320    [4, 15, 22]
53/165    1,320    [5, 8, 33]
29/90    720    [4, 10, 18]
29/90    8,640    [6, 8, 9, 20]
29/90    8,640    [6, 9, 10, 16]
13/40    2,240    [5, 7, 64]
23/70    6,720    [6, 8, 10, 14]
23/70    1,260    [4, 15, 21]
23/70    1,680    [5, 7, 48]
507/1520    9,120    [3, 3040]
1121/3360    6,720    [3, 2240]
881/2640    5,280    [3, 1760]
641/1920    3,840    [3, 1280]
139/416    2,496    [3, 832]
107/320    1,920    [3, 640]
305/912    1,824    [3, 608]
281/840    1,680    [3, 560]
75/224    1,344    [3, 448]
221/660    1,320    [3, 440]
191/570    9,120    [5, 6, 304]
47/140    6,720    [5, 6, 224]
47/140    840    [3, 280]
37/110    660    [3, 220]
37/110    5,280    [5, 6, 176]
101/300    600    [3, 200]
32/95    9,120    [6, 8, 10, 19]
27/80    480    [3, 160]
27/80    3,840    [5, 6, 128]
71/210    1,680    [4, 6, 70]
43/126    1,512    [4, 6, 63]
43/126    1,512    [4, 9, 42]
41/120    240    [3, 80]
41/120    1,920    [5, 6, 64]
12/35    6,720    [7, 8, 10, 12]
12/35    840    [5, 7, 24]
12/35    1,680    [5, 6, 56]
29/84    168    [3, 56]
19/55    1,320    [4, 6, 55]
19/55    1,320    [5, 6, 44]
19/55    1,980    [4, 9, 55]
9/26    936    [4, 6, 39]
9/26    1,404    [4, 9, 39]
41/117    936    [4, 9, 26]
37/105    840    [4, 6, 35]
37/105    840    [5, 6, 28]
37/105    1,260    [4, 9, 35]
16/45    8,640    [5, 8, 12, 18]
5/14    504    [4, 6, 21]
59/165    660    [5, 6, 22]
34/95    9,120    [3, 40, 76]
409/1140    9,120    [3, 38, 80]
151/420    6,720    [3, 40, 56]
9/25    600    [4, 6, 25]
823/2280    9,120    [3, 32, 95]
29/80    6,720    [3, 35, 64]
61/168    6,720    [3, 32, 70]
4/11    660    [4, 11, 15]
4/11    5,280    [3, 40, 44]
4/11    5,280    [6, 8, 10, 11]
51/140    6,720    [3, 28, 80]
23/63    504    [4, 9, 14]
23/63    1,512    [4, 7, 54]
161/440    5,280    [3, 32, 55]
11/30    240    [4, 6, 10]
11/30    480    [5, 6, 16]
11/30    540    [4, 9, 15]
11/30    3,840    [3, 32, 40]
11/30    8,640    [5, 9, 12, 16]
7/19    9,120    [5, 8, 12, 19]
211/570    9,120    [3, 20, 152]
49/132    5,280    [3, 22, 80]
13/35    6,720    [3, 20, 112]
13/35    6,720    [5, 8, 12, 14]
13/35    6,720    [6, 7, 8, 20]
13/35    6,720    [6, 7, 10, 16]
13/35    840    [4, 7, 30]
13/35    1,260    [4, 7, 45]
283/760    9,120    [3, 19, 160]
41/110    5,280    [3, 20, 88]
71/190    9,120    [4, 6, 10, 38]
3/8    48    [3, 16]
3/8    3,840    [3, 20, 64]
431/1140    9,120    [3, 16, 190]
59/156    2,496    [3, 26, 32]
53/140    6,720    [3, 16, 140]
25/66    5,280    [4, 6, 10, 22]
251/660    5,280    [3, 16, 110]
8/21    504    [4, 7, 18]
23/60    1,920    [3, 16, 40]
23/60    1,920    [3, 20, 32]
323/840    6,720    [3, 14, 160]
5/13    2,496    [3, 16, 52]
27/70    1,680    [3, 20, 28]
59/152    1,824    [3, 19, 32]
89/228    1,824    [3, 16, 38]
11/28    1,344    [3, 16, 28]
11/28    1,680    [3, 16, 35]
13/33    1,320    [3, 20, 22]
13/33    5,280    [5, 8, 11, 12]
41/104    2,496    [3, 13, 64]
71/180    8,640    [5, 6, 9, 32]
83/210    1,680    [3, 14, 40]
35/88    5,280    [3, 11, 160]
67/168    1,344    [3, 14, 32]
2/5    240    [5, 6, 8]
2/5    6,720    [5, 6, 14, 16]
2/5    6,720    [5, 7, 12, 16]
2/5    30    [3, 10]
2/5    9,120    [5, 6, 16, 19]
229/570    9,120    [3, 10, 304]
169/420    6,720    [3, 10, 224]
133/330    5,280    [3, 10, 176]
97/240    3,840    [3, 10, 128]
17/42    3,024    [6, 7, 8, 9]
67/165    1,320    [4, 5, 66]
67/165    1,980    [4, 5, 99]
49/120    1,920    [3, 10, 64]
9/22    1,320    [3, 11, 40]
43/105    6,720    [5, 6, 8, 28]
43/105    840    [3, 14, 20]
43/105    840    [4, 5, 42]
43/105    1,260    [4, 5, 63]
43/105    1,680    [3, 10, 56]
39/95    9,120    [5, 6, 8, 38]
68/165    1,320    [3, 10, 44]
26/63    3,024    [4, 6, 9, 14]
5/12    24    [3, 8]
119/285    9,120    [3, 8, 380]
23/55    660    [4, 5, 33]
23/55    5,280    [3, 8, 220]
23/55    5,280    [5, 6, 8, 22]
44/105    840    [3, 10, 28]
8/19    1,824    [3, 8, 76]
19/45    540    [4, 5, 27]
89/210    1,680    [3, 8, 70]
14/33    660    [3, 10, 22]
14/33    660    [3, 11, 20]
14/33    5,280    [5, 6, 11, 16]
47/110    1,320    [3, 8, 55]
3/7    168    [4, 6, 7]
241/560    6,720    [3, 7, 320]
13/30    480    [3, 8, 20]
13/30    480    [3, 10, 16]
13/30    840    [3, 8, 35]
61/140    1,680    [3, 7, 80]
7/16    1,344    [3, 7, 64]
11/25    600    [3, 8, 25]
31/70    6,720    [5, 6, 7, 32]
31/70    840    [3, 7, 40]
16/35    1,680    [4, 6, 7, 10]
44/95    9,120    [3, 8, 19, 20]
44/95    9,120    [3, 10, 16, 19]
7/15    240    [3, 8, 10]
7/15    6,720    [3, 8, 14, 20]
7/15    6,720    [3, 10, 14, 16]
533/1140    9,120    [3, 5, 608]
131/280    6,720    [3, 5, 448]
103/220    5,280    [3, 5, 352]
15/32    3,840    [3, 5, 256]
113/240    1,920    [3, 5, 128]
33/70    1,680    [3, 5, 112]
26/55    1,320    [3, 5, 88]
10/21    6,720    [3, 8, 10, 28]
10/21    840    [3, 5, 56]
10/21    1,512    [4, 6, 7, 9]
136/285    9,120    [3, 8, 10, 38]
79/165    660    [3, 5, 44]
29/60    480    [3, 5, 32]
16/33    5,280    [3, 8, 10, 22]
16/33    5,280    [3, 8, 11, 20]
16/33    5,280    [3, 10, 11, 16]
17/35    6,720    [3, 7, 16, 20]
17/35    1,680    [4, 5, 6, 14]
17/35    1,680    [5, 6, 7, 8]
95/189    378    [2, 189]
83/165    1,320    [3, 4, 110]
53/105    840    [3, 4, 70]
38/75    600    [3, 4, 50]
28/55    660    [3, 4, 55]
97/190    9,120    [3, 5, 19, 32]
146/285    9,120    [3, 5, 16, 38]
18/35    6,720    [3, 5, 16, 28]
17/33    1,320    [4, 5, 6, 11]
17/33    1,980    [4, 5, 9, 11]
109/210    6,720    [3, 5, 14, 32]
86/165    5,280    [3, 5, 16, 22]
11/21    168    [3, 4, 14]
35/66    5,280    [3, 5, 11, 32]
8/15    30    [2, 15]
51/95    9,120    [3, 5, 8, 76]
89/165    5,280    [3, 5, 8, 44]
19/35    840    [4, 5, 6, 7]
19/35    1,260    [4, 5, 7, 9]
19/35    1,680    [3, 7, 8, 10]
11/20    6,720    [3, 5, 7, 64]
58/105    1,680    [3, 4, 10, 14]
59/105    1,680    [3, 5, 8, 14]
4/7    378    [2, 9, 21]
4/7    1,680    [3, 5, 7, 16]
19/33    1,320    [3, 4, 10, 11]
19/33    1,320    [3, 5, 8, 11]
37/63    378    [2, 7, 27]
3/5    840    [3, 4, 7, 10]
3/5    840    [3, 5, 7, 8]
101/165    1,320    [3, 4, 5, 22]
13/21    840    [3, 4, 5, 14]
7/11    660    [3, 4, 5, 11]
11/15    30    [2, 3, 5]